10344,3rd age amulet,30300
20011,3rd age axe,33000
12424,3rd age bow,90000
12437,3rd age cloak,51000
23345,3rd age druidic cloak,120000
23339,3rd age druidic robe bottoms,120000
23336,3rd age druidic robe top,120000
23342,3rd age druidic staff,120000
28226,3rd age felling axe,33000
10350,3rd age full helmet,54000
10352,3rd age kiteshield,108000
12426,3rd age longsword,90000
10342,3rd age mage hat,30240
20014,3rd age pickaxe,58770
10348,3rd age platebody,120000
10346,3rd age platelegs,120000
23242,3rd age plateskirt,120000
10334,3rd age range coif,30240
10332,3rd age range legs,30360
10330,3rd age range top,30480
10340,3rd age robe,30360
10338,3rd age robe top,30480
10336,3rd age vambraces,30300
12422,3rd age wand,90000
10392,A powdered wig,1200
25775,Abyssal ashes,1
13263,Abyssal bludgeon,156000
11095,Abyssal bracelet(5),2520
13265,Abyssal dagger,69000
13267,Abyssal dagger (p),69001
13269,Abyssal dagger (p+),69001
13271,Abyssal dagger (p++),69002
4151,Abyssal whip,72000
30682,Accumulation charm,1
27676,Accursed sceptre (au),1
27662,Accursed sceptre (u),1
2862,Achey tree logs,2
5312,Acorn,3
1317,Adamant 2h sword,3840
890,Adamant arrow,48
891,Adamant arrow(p),48
5620,Adamant arrow(p+),48
5626,Adamant arrow(p++),48
43,Adamant arrowtips,24
1357,Adamant axe,768
1371,Adamant battleaxe,2496
9143,Adamant bolts,34
9290,Adamant bolts (p),34
9297,Adamant bolts (p+),34
9304,Adamant bolts (p++),34
9380,Adamant bolts(unf),1
4129,Adamant boots,1152
4798,Adamant brutal,57
12377,Adamant cane,864
1111,Adamant chainbody,2880
3100,Adamant claws,720
9183,Adamant crossbow,1060
9463,Adamant crossbow (u),1039
1211,Adamant dagger,480
1227,Adamant dagger(p),480
5676,Adamant dagger(p+),480
5694,Adamant dagger(p++),480
810,Adamant dart,39
823,Adamant dart tip,21
816,Adamant dart(p),39
5633,Adamant dart(p+),39
5640,Adamant dart(p++),39
23270,Adamant dragon mask,6000
28211,Adamant felling axe,768
1161,Adamant full helm,2112
2613,Adamant full helm (g),2112
2605,Adamant full helm (t),2112
13020,Adamant gold-trimmed set (lg),4800
13022,Adamant gold-trimmed set (sk),4800
3200,Adamant halberd,3840
11375,Adamant hasta,1248
11407,Adamant hasta(p),1248
11410,Adamant hasta(p+),1248
11412,Adamant hasta(p++),1248
10296,Adamant helm (h1),2112
10298,Adamant helm (h2),2112
10300,Adamant helm (h3),2112
10302,Adamant helm (h4),2112
10304,Adamant helm (h5),2112
829,Adamant javelin,96
19578,Adamant javelin heads,264
835,Adamant javelin(p),96
5646,Adamant javelin(p+),96
5652,Adamant javelin(p++),96
1199,Adamant kiteshield,3264
2611,Adamant kiteshield (g),3264
2603,Adamant kiteshield (t),3264
867,Adamant knife,39
875,Adamant knife(p),39
5659,Adamant knife(p+),39
5666,Adamant knife(p++),39
1301,Adamant longsword,1920
1430,Adamant mace,864
1145,Adamant med helm,1152
1271,Adamant pickaxe,1920
1123,Adamant platebody,9984
2607,Adamant platebody (g),9984
23392,Adamant platebody (h1),9984
23395,Adamant platebody (h2),9984
23398,Adamant platebody (h3),9984
23401,Adamant platebody (h4),9984
23404,Adamant platebody (h5),9984
2599,Adamant platebody (t),9984
1073,Adamant platelegs,3840
2609,Adamant platelegs (g),3840
2601,Adamant platelegs (t),3840
1091,Adamant plateskirt,3840
3475,Adamant plateskirt (g),3840
3474,Adamant plateskirt (t),3840
1331,Adamant scimitar,1536
29458,Adamant seeds,180
13012,Adamant set (lg),4800
13014,Adamant set (sk),4800
7334,Adamant shield (h1),3264
7340,Adamant shield (h2),3264
7346,Adamant shield (h3),3264
7352,Adamant shield (h4),3264
7358,Adamant shield (h5),3264
1245,Adamant spear,1248
1259,Adamant spear(p),1248
5712,Adamant spear(p+),1248
5726,Adamant spear(p++),1248
1183,Adamant sq shield,2304
1287,Adamant sword,1248
804,Adamant thrownaxe,105
13016,Adamant trimmed set (lg),4800
13018,Adamant trimmed set (sk),4800
1345,Adamant warhammer,2472
2361,Adamantite bar,384
9429,Adamantite limbs,960
4823,Adamantite nails,27
449,Adamantite ore,240
7198,Admiral pie,186
12430,Afro,410
11463,Agility mix(1),30
11461,Agility mix(2),60
3038,Agility potion(1),30
3036,Agility potion(2),60
3034,Agility potion(3),90
3032,Agility potion(4),120
12881,Ahrim's armour set,120000
4708,Ahrim's hood,7800
4860,Ahrim's hood 0,7800
4714,Ahrim's robeskirt,28200
4878,Ahrim's robeskirt 0,28200
4712,Ahrim's robetop,30000
4872,Ahrim's robetop 0,30000
4710,Ahrim's staff,51000
4866,Ahrim's staff 0,51000
1397,Air battlestaff,9300
573,Air orb,180
556,Air rune,2
1438,Air talisman,2
5527,Air tiara,60
4436,Airtight pot,6
29993,Aldarium,60
20056,Ale of the gods,510
5767,Ale yeast,1
21347,Amethyst,2340
21326,Amethyst arrow,294
21332,Amethyst arrow(p),294
21334,Amethyst arrow(p+),294
21336,Amethyst arrow(p++),294
21350,Amethyst arrowtips,147
21338,Amethyst bolt tips,96
21316,Amethyst broad bolts,144
25849,Amethyst dart,240
25853,Amethyst dart tip,120
25851,Amethyst dart(p),240
25855,Amethyst dart(p+),240
25857,Amethyst dart(p++),240
21318,Amethyst javelin,252
21352,Amethyst javelin heads,912
21320,Amethyst javelin(p),252
21322,Amethyst javelin(p+),252
21324,Amethyst javelin(p++),252
1595,Amulet mould,3
1478,Amulet of accuracy,60
22557,Amulet of avarice,27000
21160,Amulet of bounty,540
21163,Amulet of chemistry,630
1729,Amulet of defence,765
23309,Amulet of defence (t),765
19707,Amulet of eternal glory,10575
6585,Amulet of fury,121200
1704,Amulet of glory,10575
10362,Amulet of glory (t),10575
10354,Amulet of glory (t4),10575
11964,Amulet of glory (t6),10575
1712,Amulet of glory(4),10575
11978,Amulet of glory(6),10575
1727,Amulet of magic,540
10366,Amulet of magic (t),540
1731,Amulet of power,2115
23354,Amulet of power (t),2415
29801,Amulet of rancour,240000
1725,Amulet of strength,1215
12851,Amulet of the damned (full),34800
19553,Amulet of torture,121200
12640,Amylase crystal,12
21018,Ancestral hat,27000
21024,Ancestral robe bottom,48000
21021,Ancestral robe top,72000
21049,Ancestral robes set,87000
319,Anchovies,9
2297,Anchovy pizza,36
20235,Ancient blessing,48
12490,Ancient bracers,2400
26346,Ancient brew(1),75
26344,Ancient brew(2),90
26342,Ancient brew(3),105
26340,Ancient brew(4),120
26229,Ancient ceremonial boots,24000
26227,Ancient ceremonial gloves,24000
26223,Ancient ceremonial legs,48000
26225,Ancient ceremonial mask,30000
26221,Ancient ceremonial top,60000
12494,Ancient chaps,3600
12197,Ancient cloak,1200
12496,Ancient coif,1200
12199,Ancient crozier,3000
21804,Ancient crystal,150000
12492,Ancient d'hide body,7800
19921,Ancient d'hide boots,5580
23197,Ancient d'hide shield,17000
13171,Ancient dragonhide set,5700
22302,Ancient effigy,4800000
21807,Ancient emblem,300000
27616,Ancient essence,1
12466,Ancient full helm,21120
26233,Ancient godsword,750000
26370,Ancient hilt,300000
12468,Ancient kiteshield,32640
11061,Ancient mace,600
22299,Ancient medallion,2400000
12203,Ancient mitre,3000
26353,Ancient mix(1),75
26350,Ancient mix(2),90
12621,Ancient page 1,240
12622,Ancient page 2,240
12623,Ancient page 3,240
12624,Ancient page 4,240
12460,Ancient platebody,39000
12462,Ancient platelegs,38400
12464,Ancient plateskirt,38400
22305,Ancient relic,9600000
12195,Ancient robe legs,4200
12193,Ancient robe top,4200
13060,Ancient rune armour set (lg),48000
13062,Ancient rune armour set (sk),48000
4675,Ancient staff,60000
21813,Ancient statuette,1200000
12201,Ancient stole,1500
21810,Ancient totem,600000
21634,Ancient wyvern shield,1200000
13441,Anglerfish,270
22246,Anguish ornament kit,3000
20101,Ankou gloves,1
20095,Ankou mask,1
20107,Ankou socks,1
20098,Ankou top,1
20104,Ankou's leggings,1
12775,Annakarl teleport (tablet),1
1540,Anti-dragon shield,12
11475,Anti-poison supermix(1),86
11473,Anti-poison supermix(2),129
12911,Anti-venom(1),66
12909,Anti-venom(2),132
12907,Anti-venom(3),198
12905,Anti-venom(4),264
12919,Anti-venom+(1),66
12917,Anti-venom+(2),133
12915,Anti-venom+(3),199
12913,Anti-venom+(4),266
11503,Antidote+ mix(1),86
11501,Antidote+ mix(2),129
5949,Antidote+(1),86
5947,Antidote+(2),129
5945,Antidote+(3),172
5943,Antidote+(4),216
5958,Antidote++(1),86
5956,Antidote++(2),129
5954,Antidote++(3),172
5952,Antidote++(4),216
11507,Antifire mix(1),79
11505,Antifire mix(2),118
2458,Antifire potion(1),79
2456,Antifire potion(2),118
2454,Antifire potion(3),158
2452,Antifire potion(4),198
11435,Antipoison mix(1),86
11433,Antipoison mix(2),129
179,Antipoison(1),86
177,Antipoison(2),129
175,Antipoison(3),172
2446,Antipoison(4),216
19631,Ape atoll teleport (tablet),1
5992,Apple mush,7
2323,Apple pie,18
5496,Apple sapling,1
5283,Apple tree seed,7
5386,Apples(5),1
6910,Apprentice wand,900
29806,Aranea boots,90000
29784,Araxyte venom sack,300
21079,Arcane prayer scroll,48000
12827,Arcane sigil,450000
12825,Arcane spirit shield,1200000
20251,Arceuus banner,42
20113,Arceuus hood,1
19613,Arceuus library teleport (tablet),1
19943,Arceuus scarf,6000
3749,Archer helm,36000
28298,Archer icon,1
6733,Archers ring,6000
1464,Archery ticket,15
10810,Arctic pine logs,21
10808,Arctic pyre logs,120
8011,Ardougne teleport (tablet),1
6891,Arena book,1
12506,Armadyl bracers,2400
11830,Armadyl chainskirt,173940
12510,Armadyl chaps,3600
11828,Armadyl chestplate,174000
12261,Armadyl cloak,1200
12512,Armadyl coif,1200
11785,Armadyl crossbow,594000
12263,Armadyl crozier,3000
12508,Armadyl d'hide body,7800
19930,Armadyl d'hide boots,5580
23200,Armadyl d'hide shield,17000
13169,Armadyl dragonhide set,5700
12476,Armadyl full helm,21120
11802,Armadyl godsword,750000
20068,Armadyl godsword ornament kit,3000
11826,Armadyl helmet,173400
11810,Armadyl hilt,300000
12478,Armadyl kiteshield,32640
12259,Armadyl mitre,3000
12617,Armadyl page 1,240
12618,Armadyl page 2,240
12619,Armadyl page 3,240
12620,Armadyl page 4,240
12470,Armadyl platebody,39000
12472,Armadyl platelegs,38400
12474,Armadyl plateskirt,38400
12255,Armadyl robe legs,4200
12253,Armadyl robe top,4200
13052,Armadyl rune armour set (lg),48000
13054,Armadyl rune armour set (sk),48000
12257,Armadyl stole,1500
27269,Armadylean plate,1
29628,Armageddon cape fabric,1
29619,Armageddon rug,1
29622,Armageddon teleport scroll,1
29625,Armageddon weapon scroll,1
52,Arrow shaft,1
1905,Asgarnian ale,1
8520,Asgarnian ale (flatpack),6
5785,Asgarnian ale(4),1
5739,Asgarnian ale(m),1
5865,Asgarnian ale(m4),1
5996,Asgarnian hops,3
5308,Asgarnian seed,1
592,Ashes,1
2460,Assorted flowers,60
9075,Astral rune,30
3402,Asyn remains,1
28991,Atlatl dart,294
11431,Attack mix(1),3
11429,Attack mix(2),5
125,Attack potion(1),3
123,Attack potion(2),5
121,Attack potion(3),7
2428,Attack potion(4),9
261,Avantoe,28
103,Avantoe potion (unf),28
5298,Avantoe seed,4
22477,Avernic defender hilt,1500000
28334,Awakener's orb,45000
5751,Axeman's folly,1
5825,Axeman's folly(4),1
5753,Axeman's folly(m),1
5905,Axeman's folly(m4),1
11238,Baby impling jar,30
534,Babydragon bones,1
4161,Bag of salt,6
8455,Bagged bluebells,9000
8453,Bagged daffodils,6000
8417,Bagged dead tree,600
8451,Bagged flower,3000
8429,Bagged magic tree,30000
8425,Bagged maple tree,9000
8459,Bagged marigolds,6000
8419,Bagged nice tree,1200
8421,Bagged oak tree,3000
8431,Bagged plant 1,600
8433,Bagged plant 2,3000
8435,Bagged plant 3,6000
8461,Bagged roses,9000
8457,Bagged sunflower,3000
8423,Bagged willow tree,6000
8427,Bagged yew tree,12000
6701,Baked potato,2
1759,Ball of wool,1
19592,Ballista limbs,30000
19601,Ballista spring,30000
1963,Banana,1
5497,Banana sapling,1
4016,Banana stew,180
5284,Banana tree seed,12
5416,Bananas(5),1
8926,Bandana eyepatch (blue),60
8927,Bandana eyepatch (brown),60
8925,Bandana eyepatch (red),60
8924,Bandana eyepatch (white),60
4627,Bandit's brew,300
11836,Bandos boots,173406
12498,Bandos bracers,2400
12502,Bandos chaps,3600
11832,Bandos chestplate,174006
12273,Bandos cloak,1200
12504,Bandos coif,1200
12275,Bandos crozier,3000
12500,Bandos d'hide body,7800
19924,Bandos d'hide boots,5580
23203,Bandos d'hide shield,17000
13167,Bandos dragonhide set,5700
12486,Bandos full helm,21120
11804,Bandos godsword,750000
20071,Bandos godsword ornament kit,3000
11812,Bandos hilt,300000
12488,Bandos kiteshield,32640
12271,Bandos mitre,3000
12613,Bandos page 1,240
12614,Bandos page 2,240
12615,Bandos page 3,240
12616,Bandos page 4,240
12480,Bandos platebody,39000
12482,Bandos platelegs,38400
12484,Bandos plateskirt,38400
12267,Bandos robe legs,4200
12265,Bandos robe top,4200
13056,Bandos rune armour set (lg),48000
13058,Bandos rune armour set (sk),48000
12269,Bandos stole,1500
11834,Bandos tassets,173946
26394,Bandosian components,1
47,Barb bolttips,57
10129,Barb-tail harpoon,21
24955,Barbarian teleport (tablet),1
881,Barbed bolts,120
3239,Bark,1
6006,Barley,2
6008,Barley malt,2
5305,Barley seed,1
3216,Barrel,1
19629,Barrows teleport (tablet),1
22603,Basalt,18
24268,Basilisk jaw,300000
5376,Basket,1
365,Bass,24
22470,Bastion potion(1),54
22467,Bastion potion(2),108
22464,Bastion potion(3),162
22461,Bastion potion(4),216
530,Bat bones,1
2164,Batta tin,6
22949,Battlefront teleport (tablet),1
22458,Battlemage potion(1),54
22455,Battlemage potion(2),108
22452,Battlemage potion(3),162
22449,Battlemage potion(4),216
1391,Battlestaff,4200
12245,Beanie,360
23291,Bear feet,600
948,Bear fur,6
1917,Beer,1
8516,Beer barrel (flatpack),6
1919,Beer glass,1
3803,Beer tankard,12
6908,Beginner wand,720
5281,Belladonna seed,106
28316,Bellator ring,1
3751,Berserker helm,36000
28295,Berserker icon,1
11128,Berserker necklace,121200
23237,Berserker necklace ornament kit,3000
6737,Berserker ring,6000
532,Big bones,1
305,Big fishing net,12
12355,Big pirate hat,900
5521,Binding necklace,855
21512,Bird house,3
5075,Bird nest (empty),271
10006,Bird snare,3
1313,Black 2h sword,1152
1361,Black axe,230
1367,Black battleaxe,748
1474,Black bead,2
2635,Black beret,48
7327,Black boater,135
4125,Black boots,345
4788,Black brutal,21
12375,Black cane,360
1019,Black cape,4
2643,Black cavalier,120
1107,Black chainbody,864
11959,Black chinchompa,144
3098,Black claws,216
2503,Black d'hide body,8088
12381,Black d'hide body (g),8088
12385,Black d'hide body (t),8088
2497,Black d'hide chaps,3732
12383,Black d'hide chaps (g),3732
12387,Black d'hide chaps (t),3732
22284,Black d'hide shield,17000
2491,Black d'hide vambraces,2592
1217,Black dagger,144
1233,Black dagger(p),144
5682,Black dagger(p+),144
5700,Black dagger(p++),144
3093,Black dart,1
3094,Black dart(p),10
5631,Black dart(p+),10
5638,Black dart(p++),10
20026,Black demon mask,2400
6752,Black desert robe,18
6750,Black desert shirt,24
2509,Black dragon leather,66
12524,Black dragon mask,6000
1747,Black dragonhide,90
12871,Black dragonhide set,3000
10402,Black elegant legs,1200
10400,Black elegant shirt,1200
28205,Black felling axe,230
2476,Black flowers,60
1165,Black full helm,633
2595,Black full helm (g),633
2587,Black full helm (t),633
12996,Black gold-trimmed set (lg),2700
12998,Black gold-trimmed set (sk),2700
3196,Black halberd,1152
2647,Black headband,24
10306,Black helm (h1),633
10308,Black helm (h2),633
10310,Black helm (h3),633
10312,Black helm (h4),633
10314,Black helm (h5),633
1195,Black kiteshield,979
2597,Black kiteshield (g),979
2589,Black kiteshield (t),979
869,Black knife,11
874,Black knife(p),10
5658,Black knife(p+),10
5665,Black knife(p++),10
20246,Black leprechaun hat,3000
25448,Black locks,1920
1297,Black longsword,576
1426,Black mace,259
8921,Black mask,1800
8901,Black mask (10),1800
1151,Black med helm,345
4821,Black nails,7
12297,Black pickaxe,87
1125,Black platebody,2304
2591,Black platebody (g),2304
23366,Black platebody (h1),2304
23369,Black platebody (h2),2304
23372,Black platebody (h3),2304
23375,Black platebody (h4),2304
23378,Black platebody (h5),2304
2583,Black platebody (t),2304
1077,Black platelegs,1152
2593,Black platelegs (g),1152
2585,Black platelegs (t),1152
1089,Black plateskirt,1152
3473,Black plateskirt (g),1152
3472,Black plateskirt (t),1152
581,Black robe,7
10148,Black salamander,120
1327,Black scimitar,460
12988,Black set (lg),2700
12990,Black set (sk),2700
7332,Black shield (h1),979
7338,Black shield (h2),979
7344,Black shield (h3),979
7350,Black shield (h4),979
7356,Black shield (h5),979
1015,Black skirt,1
12445,Black skirt (g),1
12447,Black skirt (t),1
4580,Black spear,390
4582,Black spear(p),450
5734,Black spear(p+),450
5736,Black spear(p++),450
10085,Black spiky vambraces,2592
1179,Black sq shield,691
1283,Black sword,374
21730,Black tourmaline core,24900
2524,Black toy horsey,60
12992,Black trimmed set (lg),2700
12994,Black trimmed set (sk),2700
20266,Black unicorn mask,600
1341,Black warhammer,588
10014,Black warlock (item),42
29207,Black warlock mix (1),42
29189,Black warlock mix (2),42
12453,Black wizard hat (g),1
12455,Black wizard hat (t),1
12449,Black wizard robe (g),9
12451,Black wizard robe (t),9
29944,Blackbird red,180
19988,Blacksmith's helm,1800
23997,Blade of saeldor (inactive),3000000
3353,Blamish bark shell,90
3361,Blamish blue shell (pointed),90
3351,Blamish blue shell (round),90
3355,Blamish myre shell (pointed),90
3345,Blamish myre shell (round),90
3359,Blamish ochre shell (pointed),90
3349,Blamish ochre shell (round),90
3357,Blamish red shell (pointed),90
3347,Blamish red shell (round),90
12831,Blessed spirit shield,720000
24607,Blighted ancient ice sack,1
24592,Blighted anglerfish,1
24609,Blighted bind sack,1
24613,Blighted entangle sack,1
24595,Blighted karambwan,1
24589,Blighted manta ray,1
29640,Blighted overload (1),1
29637,Blighted overload (2),1
29634,Blighted overload (3),1
29631,Blighted overload (4),1
24611,Blighted snare sack,1
24598,Blighted super restore(4),1
24615,Blighted teleport spell sack,1
24621,Blighted vengeance sack,1
26390,Blood essence,60000
29022,Blood moon chestplate,174006
29067,Blood moon chestplate (broken),174006
29028,Blood moon helm,61800
29073,Blood moon helm (broken),61800
29025,Blood moon tassets,173946
29070,Blood moon tassets (broken),173946
24774,Blood pint,1
565,Blood rune,240
24777,Blood shard,1
1450,Blood talisman,1
5549,Blood tiara,1
3329,Blood'n'tar snelm,180
25404,Bloodbark body,1
25410,Bloodbark boots,1
25407,Bloodbark gauntlets,1
25413,Bloodbark helm,1
25416,Bloodbark legs,1
22430,Bloody bracer,1
2633,Blue beret,48
7325,Blue boater,135
630,Blue boots,120
1021,Blue cape,19
2499,Blue d'hide body,5616
7374,Blue d'hide body (g),5616
7376,Blue d'hide body (t),5616
2493,Blue d'hide chaps,2592
7382,Blue d'hide chaps (g),2592
7384,Blue d'hide chaps (t),2592
22278,Blue d'hide shield,4500
2487,Blue d'hide vambraces,1800
12757,Blue dark bow paint,1
2505,Blue dragon leather,42
12520,Blue dragon mask,6000
243,Blue dragon scale,30
1751,Blue dragonhide,84
12867,Blue dragonhide set,3000
1767,Blue dye,3
10428,Blue elegant blouse,1200
10410,Blue elegant legs,1200
10408,Blue elegant shirt,1200
10430,Blue elegant skirt,1200
10089,Blue feather,9
7331,Blue firelighter,9
2464,Blue flowers,60
1055,Blue halloween mask,9
660,Blue hat,96
12301,Blue headband,24
29013,Blue moon chestplate,174006
29058,Blue moon chestplate (broken),174006
29019,Blue moon helm,61800
29064,Blue moon helm (broken),61800
28988,Blue moon spear,60000
29016,Blue moon tassets,173946
29061,Blue moon tassets (broken),173946
1042,Blue partyhat,1
650,Blue robe bottoms,108
640,Blue robe top,108
1011,Blue skirt,1
7386,Blue skirt (g),1
7388,Blue skirt (t),1
10081,Blue spiky vambraces,1800
579,Blue wizard hat,1
7394,Blue wizard hat (g),1
7396,Blue wizard hat (t),1
577,Blue wizard robe,9
7390,Blue wizard robe (g),9
7392,Blue wizard robe (t),9
22826,Bluegill,1
2064,Blurberry special,18
10322,Bob's black shirt,1
10318,Bob's blue shirt,1
10320,Bob's green shirt,1
10324,Bob's purple shirt,1
10316,Bob's red shirt,1
559,Body rune,1
1446,Body talisman,2
5533,Body tiara,60
9434,Bolt mould,15
8790,Bolt of cloth,300
4740,Bolt rack,30
8882,Bone bolts,1
5018,Bone club,360
8872,Bone dagger,1200
8874,Bone dagger (p),1200
8876,Bone dagger (p+),1200
8878,Bone dagger (p++),1200
25139,Bone fragments,1
5016,Bone spear,360
526,Bones,1
8014,Bones to bananas (tablet),1
8015,Bones to peaches (tablet),1
13153,Book of balance page set,4200
13159,Book of darkness page set,4500
13157,Book of law page set,4500
13155,Book of war page set,4500
8510,Bookcase (flatpack),6
22951,Boots of brimstone,12000
20140,Boots of darkness,6000
23037,Boots of stone,120
19662,Botanical pie,18
7919,Bottle of wine,300
23002,Bottled dragonbreath,300
22999,Bottled dragonbreath (unpowered),300
22994,Bottomless compost bucket,27000
30576,Bounty supply crate,1
30619,Bounty supply crate (anglerfish),1
30616,Bounty supply crate (manta ray),1
25862,Bow of faerdhinen (inactive),3000000
1777,Bow string,6
1923,Bowl,2
4456,Bowl of hot water,6
1921,Bowl of water,2
20110,Bowl wig,1
10008,Box trap,19
11065,Bracelet mould,3
11074,Bracelet of clay,759
21817,Bracelet of ethereum (uncharged),43200
21183,Bracelet of slaughter,1500
2021,Brandy,3
983,Brass key,1
1009,Brass necklace,18
2309,Bread,7
2307,Bread dough,2
12335,Briefcase,399
22975,Brimstone ring,6000
11037,Brine sabre,15600
11874,Broad arrowheads,33
11875,Broad bolts,33
3335,Broken bark snelm,180
22963,Broken dragon hasta,37440
28813,Broken zombie axe,1
30324,Broken zombie helmet,1
1307,Bronze 2h sword,48
882,Bronze arrow,1
883,Bronze arrow(p),1
5616,Bronze arrow(p+),1
5622,Bronze arrow(p++),1
39,Bronze arrowtips,1
1351,Bronze axe,9
2349,Bronze bar,4
1375,Bronze battleaxe,31
877,Bronze bolts,1
878,Bronze bolts (p),1
6061,Bronze bolts (p+),1
6062,Bronze bolts (p++),1
9375,Bronze bolts (unf),1
4119,Bronze boots,14
4773,Bronze brutal,3
1103,Bronze chainbody,36
3095,Bronze claws,9
9174,Bronze crossbow,43
9454,Bronze crossbow (u),24
1205,Bronze dagger,6
1221,Bronze dagger(p),6
5670,Bronze dagger(p+),6
5688,Bronze dagger(p++),6
806,Bronze dart,1
819,Bronze dart tip,1
812,Bronze dart(p),1
5628,Bronze dart(p+),1
5635,Bronze dart(p++),1
12363,Bronze dragon mask,6000
28196,Bronze felling axe,9
1155,Bronze full helm,26
12211,Bronze full helm (g),28
12221,Bronze full helm (t),28
12968,Bronze gold-trimmed set (lg),120
12970,Bronze gold-trimmed set (sk),120
3190,Bronze halberd,48
11367,Bronze hasta,15
11379,Bronze hasta(p),15
11382,Bronze hasta(p+),15
11384,Bronze hasta(p++),15
825,Bronze javelin,2
19570,Bronze javelin heads,15
831,Bronze javelin(p),2
5642,Bronze javelin(p+),2
5648,Bronze javelin(p++),2
1189,Bronze kiteshield,40
12213,Bronze kiteshield (g),38
12223,Bronze kiteshield (t),38
864,Bronze knife,1
870,Bronze knife(p),1
5654,Bronze knife(p+),1
5661,Bronze knife(p++),1
9420,Bronze limbs,12
25442,Bronze locks,480
1291,Bronze longsword,24
1422,Bronze mace,10
1139,Bronze med helm,14
4819,Bronze nails,1
1265,Bronze pickaxe,1
1117,Bronze platebody,96
12205,Bronze platebody (g),96
12215,Bronze platebody (t),96
1075,Bronze platelegs,48
12207,Bronze platelegs (g),48
12217,Bronze platelegs (t),48
1087,Bronze plateskirt,48
12209,Bronze plateskirt (g),48
12219,Bronze plateskirt (t),48
1321,Bronze scimitar,19
12960,Bronze set (lg),120
12962,Bronze set (sk),120
1237,Bronze spear,15
1251,Bronze spear(p),15
5704,Bronze spear(p+),15
5718,Bronze spear(p++),15
1173,Bronze sq shield,28
1277,Bronze sword,15
800,Bronze thrownaxe,1
12964,Bronze trimmed set (lg),120
12966,Bronze trimmed set (sk),120
1337,Bronze warhammer,28
1794,Bronze wire,12
6259,Broodoo shield (10) (combat),1800
6237,Broodoo shield (10) (disease),1800
6215,Broodoo shield (10) (poison),1800
6279,Broodoo shield (combat),1800
6257,Broodoo shield (disease),1800
6235,Broodoo shield (poison),1800
1757,Brown apron,1
2649,Brown headband,24
2520,Brown toy horsey,60
3333,Bruise blue snelm,180
22372,Bryophyta's essence,4200
22368,Bryophyta's staff (uncharged),39000
1925,Bucket,1
19991,Bucket helm,8400
20059,Bucket helm (g),8400
1927,Bucket of milk,3
1783,Bucket of sand,1
4687,Bucket of sap,18
1929,Bucket of water,3
30,Bucket of wax,3
4548,Bullseye lantern,252
4546,Bullseye lantern (empty),240
4544,Bullseye lantern (unf),180
21166,Burning amulet(5),750
29574,Burning claw,1
29577,Burning claws,1
528,Burnt bones,1
20718,Burnt page,120
10012,Butterfly jar,1
10010,Butterfly net,12
1965,Cabbage,1
20272,Cabbage round shield,1800
5324,Cabbage seed,1
5478,Cabbages(10),1
5280,Cactus seed,59
6016,Cactus spine,1
265,Cadantine,39
22443,Cadantine blood potion (unf),99
107,Cadantine potion (unf),39
5301,Cadantine seed,4
753,Cadava berries,1
5102,Cadavaberry seed,5
1891,Cake,30
1887,Cake tin,6
21543,Calcite,18
5980,Calquat fruit,32
5769,Calquat keg,1
5503,Calquat sapling,1
5290,Calquat tree seed,204
8010,Camelot teleport (tablet),1
36,Candle,1
4532,Candle lantern (black),9
4529,Candle lantern (white),9
10,Cannon barrels,112500
6,Cannon base,112500
12,Cannon furnace,112500
8,Cannon stand,112500
2,Cannonball,3
23351,Cape of skulls,3000
12776,Carrallanger teleport (tablet),1
8566,Carved oak bench (flatpack),6
9853,Carved oak magic wardrobe (flatpack),6
8552,Carved oak table (flatpack),6
8570,Carved teak bench (flatpack),6
9855,Carved teak magic wardrobe (flatpack),6
8556,Carved teak table (flatpack),6
405,Casket,30
11079,Castle wars bracelet(3),1005
12361,Cat mask,1440
26798,Catalytic talisman,1
26801,Catalytic tiara,1
24961,Catherby teleport (tablet),1
11280,Cavalier mask,120
5003,Cave eel,9
10981,Cave goblin wire,12
11326,Caviar,30
22935,Celastrus bark,270
22856,Celastrus sapling,1
22869,Celastrus seed,324
19627,Cemetery teleport (tablet),1
562,Chaos rune,54
1452,Chaos talisman,2
5543,Chaos tiara,60
973,Charcoal,27
20238,Charge dragonstone jewellery scroll,1
1985,Cheese,2
2259,Cheese+tom batta,1
5755,Chef's delight,1
8526,Chef's delight (flatpack),6
5833,Chef's delight(4),1
5757,Chef's delight(m),1
5913,Chef's delight(m4),1
1949,Chef's hat,1
29963,Chichilihui rosÃ©,60
29947,Chilhuac red,240
7062,Chilli con carne,7
7054,Chilli potato,7
10033,Chinchompa,84
1755,Chisel,1
29643,Chitin,1
2074,Choc saturday,18
6794,Choc-ice,18
2209,Chocchip crunchies,1
1973,Chocolate bar,6
2185,Chocolate bomb,1
1897,Chocolate cake,42
1975,Chocolate dust,1
7074,Chopped garlic,4
1871,Chopped onion,1
1869,Chopped tomato,1
7086,Chopped tuna,62
1873,Chopped ugthanki,3
962,Christmas cracker,1
28276,Chromium ingot,30000
30002,Chugging barrel (disassembled),600
5763,Cider,1
8518,Cider barrel (flatpack),6
5849,Cider(4),1
5929,Cider(m4),1
6169,Circular hide,36
9644,Citizen shoes,3
9640,Citizen top,3
9642,Citizen trousers,3
28824,Civitas illa fortis teleport,1
27667,Claws of callisto,1
434,Clay,1
3188,Cleaning cloth,36
7451,Cleaver,15360
3105,Climbing boots,7
23413,Climbing boots (g),45000
8792,Clockwork,300
28163,Clothes pouch,1
28166,Clothes pouch blueprint,1
12789,Clue box,6
453,Coal,27
2026,Cocktail glass,1
2023,Cocktail guide,1
2025,Cocktail shaker,1
5974,Coconut,52
5935,Coconut milk,1
339,Cod,6
1169,Coif,120
30040,Colossal wyrm teleport scroll,6
11126,Combat bracelet,12624
11118,Combat bracelet(4),12624
11972,Combat bracelet(6),12624
11447,Combat mix(1),31
11445,Combat mix(2),63
13064,Combat potion set,42
9745,Combat potion(1),31
9743,Combat potion(2),63
9741,Combat potion(3),96
9739,Combat potion(4),129
10121,Common kebbit fur,7
22829,Common tench,1
4827,Comp ogre bow,108
6032,Compost,12
6476,Compost potion(1),18
6474,Compost potion(2),36
6472,Compost potion(3),54
6470,Compost potion(4),72
26266,Condensed gold,4800000
29131,Cooked barb-tailed kebbit,2
2140,Cooked chicken,2
2878,Cooked chompy,78
7228,Cooked chompy (roasted),51
7521,Cooked crab meat,30
29134,Cooked dashing kebbit,2
29149,Cooked graahk,2
7568,Cooked jubbly,90
3144,Cooked karambwan,150
29152,Cooked kyatt,2
29146,Cooked larupia,2
2142,Cooked meat,2
29143,Cooked moonlight antelope,2
24785,Cooked mystery meat,1
2343,Cooked oomlie wrap,21
29137,Cooked pyre fox,2
3228,Cooked rabbit,2
3381,Cooked slimy eel,1
29140,Cooked sunlight antelope,2
5988,Cooked sweetcorn,5
29128,Cooked wild kebbit,2
1955,Cooking apple,1
436,Copper ore,1
7466,Cornflour,1
28537,Corrupted armadyl godsword,1
29599,Corrupted dark bow,1
28534,Corrupted dragon claws,1
28545,Corrupted scythe of vitur (uncharged),1
28549,Corrupted tumeken's shadow (uncharged),1
28540,Corrupted twisted bow,1
28531,Corrupted voidwaker,1
29602,Corrupted volatile nightmare staff,1
564,Cosmic rune,30
1454,Cosmic talisman,2
5539,Cosmic tiara,60
1739,Cowhide,1
22547,Craw's bow (u),72000
632,Cream boots,120
662,Cream hat,96
652,Cream robe bottoms,108
642,Cream robe top,108
20243,Crier bell,3000
20240,Crier coat,3000
12319,Crier hat,3000
837,Crossbow,42
9438,Crossbow string,1
8496,Crude chair (flatpack),6
2165,Crunchy tray,6
6693,Crushed nest,120
21975,Crushed superior dragon bones,30
28220,Crystal 2h axe,1
28223,Crystal 2h axe (inactive),1
23956,Crystal armour seed,300000
8624,Crystal ball (flatpack),6
24000,Crystal grail,18000
989,Crystal key,90
8628,Crystal of power (flatpack),6
23953,Crystal tool seed,300000
4207,Crystal weapon seed,1
4460,Cup of hot water,6
1978,Cup of tea,6
4458,Cup of water,6
10820,Cured yak-hide,60
2011,Curry,12
5970,Curry leaf,11
5499,Curry sapling,1
5286,Curry tree seed,23
29486,Cursed amulet of magic,1
19915,Cyclops head,3000
6729,Dagannoth bones,90
6155,Dagannoth hide,36
24288,Dagon'hai hat,10200
24294,Dagon'hai robe bottom,54000
24291,Dagon'hai robe top,84000
24333,Dagon'hai robes set,130200
19665,Damaged monkey tail,1
12777,Dareeyak teleport (tablet),1
11235,Dark bow,72001
19970,Dark bow tie,3000
2641,Dark cavalier,120
11936,Dark crab,192
11940,Dark fishing bait,1
12528,Dark infinity colour kit,3000
10115,Dark kebbit fur,126
19964,Dark trousers,3600
19961,Dark tuxedo cuffs,1800
19958,Dark tuxedo jacket,6000
19967,Dark tuxedo shoes,1800
10127,Dashing kebbit fur,162
560,Death rune,108
1456,Death talisman,2
5547,Death tiara,60
12540,Deerstalker,1380
11459,Defence mix(1),36
11457,Defence mix(2),54
137,Defence potion(1),36
135,Defence potion(2),54
133,Defence potion(3),72
2432,Defence potion(4),90
23294,Demon feet,600
1837,Desert boots,12
10063,Desert camo legs,12
28854,Desert camo legs (equipped),12
10061,Desert camo top,12
28851,Desert camo top (equipped),12
10123,Desert devil fur,10
9735,Desert goat horn,7
6390,Desert legs,15
1835,Desert robe,24
6386,Desert robes,15
1833,Desert shirt,24
6384,Desert top,9
6388,Desert top (overcoat),21
22954,Devout boots,12000
21034,Dexterous prayer scroll,48000
12877,Dharok's armour set,240000
4718,Dharok's greataxe,124800
4890,Dharok's greataxe 0,124800
4716,Dharok's helm,61800
4884,Dharok's helm 0,61800
4720,Dharok's platebody,168000
4896,Dharok's platebody 0,168000
4722,Dharok's platelegs,165000
4902,Dharok's platelegs 0,165000
1601,Diamond,1200
1700,Diamond amulet,2115
1681,Diamond amulet (u),2115
9192,Diamond bolt tips,79
9340,Diamond bolts,115
9243,Diamond bolts (e),126
11092,Diamond bracelet,2295
21969,Diamond dragon bolts,510
21946,Diamond dragon bolts (e),528
1662,Diamond necklace,2205
1643,Diamond ring,2115
12403,Digsite teleport,6
21015,Dinh's bulwark,336000
981,Disk of returning,72
24644,Divine bastion potion(1),1
24641,Divine bastion potion(2),1
24638,Divine bastion potion(3),1
24635,Divine bastion potion(4),1
24632,Divine battlemage potion(1),1
24629,Divine battlemage potion(2),1
24626,Divine battlemage potion(3),1
24623,Divine battlemage potion(4),1
23754,Divine magic potion(1),24
23751,Divine magic potion(2),54
23748,Divine magic potion(3),102
23745,Divine magic potion(4),150
23742,Divine ranging potion(1),24
23739,Divine ranging potion(2),54
23736,Divine ranging potion(3),102
23733,Divine ranging potion(4),150
23706,Divine super attack potion(1),24
23703,Divine super attack potion(2),54
23700,Divine super attack potion(3),102
23697,Divine super attack potion(4),150
23694,Divine super combat potion(1),24
23691,Divine super combat potion(2),54
23688,Divine super combat potion(3),102
23685,Divine super combat potion(4),150
23730,Divine super defence potion(1),24
23727,Divine super defence potion(2),54
23724,Divine super defence potion(3),102
23721,Divine super defence potion(4),150
23718,Divine super strength potion(1),24
23715,Divine super strength potion(2),54
23712,Divine super strength potion(3),102
23709,Divine super strength potion(4),150
21143,Dodgy necklace,630
1573,Doogle leaves,1
8880,Dorgeshuun crossbow,1200
19727,Double eye patch,1
11286,Draconic visage,450000
7158,Dragon 2h sword,132000
21882,Dragon armour set (lg),300000
21885,Dragon armour set (sk),300000
11212,Dragon arrow,480
11227,Dragon arrow(p),480
11228,Dragon arrow(p+),480
11229,Dragon arrow(p++),480
11237,Dragon arrowtips,300
6739,Dragon axe,33000
1377,Dragon battleaxe,120000
1911,Dragon bitter,1
8524,Dragon bitter (flatpack),6
5809,Dragon bitter(4),1
5745,Dragon bitter(m),1
5889,Dragon bitter(m4),1
21905,Dragon bolts,255
21924,Dragon bolts (p),258
21926,Dragon bolts (p+),261
21928,Dragon bolts (p++),264
21930,Dragon bolts (unf),84
536,Dragon bones,96
11840,Dragon boots,12000
22231,Dragon boots ornament kit,3000
12373,Dragon cane,18000
3140,Dragon chainbody,150000
12534,Dragon chainbody ornament kit,3000
13652,Dragon claws,123000
21902,Dragon crossbow,32400
21921,Dragon crossbow (u),18000
1215,Dragon dagger,18000
1231,Dragon dagger(p),14400
5680,Dragon dagger(p+),14400
5698,Dragon dagger(p++),14400
11230,Dragon dart,300
11232,Dragon dart tip,150
11231,Dragon dart(p),300
11233,Dragon dart(p+),300
11234,Dragon dart(p++),300
20143,Dragon defender ornament kit,3000
28217,Dragon felling axe,33000
11335,Dragon full helm,90000
12538,Dragon full helm ornament kit,3000
3204,Dragon halberd,150000
21028,Dragon harpoon,33000
22731,Dragon hasta,37440
22734,Dragon hasta(p),37440
22737,Dragon hasta(p+),37440
22740,Dragon hasta(p++),37440
21012,Dragon hunter crossbow,48000
22978,Dragon hunter lance,180000
30070,Dragon hunter wand,180000
11256,Dragon impling jar,30
19484,Dragon javelin,270
19582,Dragon javelin heads,1170
19486,Dragon javelin(p),270
19488,Dragon javelin(p+),270
19490,Dragon javelin(p++),270
21895,Dragon kiteshield,960000
22239,Dragon kiteshield ornament kit,3000
22804,Dragon knife,100
22806,Dragon knife(p),99
22808,Dragon knife(p+),99
22810,Dragon knife(p++),99
12536,Dragon legs/skirt ornament kit,3000
21918,Dragon limbs,21000
1305,Dragon longsword,60000
1434,Dragon mace,30000
1149,Dragon med helm,60000
22103,Dragon metal lump,90000
22097,Dragon metal shard,720000
22100,Dragon metal slice,60000
1664,Dragon necklace,11025
11920,Dragon pickaxe,58770
12800,Dragon pickaxe upgrade kit,960
21892,Dragon platebody,1200000
22236,Dragon platebody ornament kit,3000
4087,Dragon platelegs,162000
4585,Dragon plateskirt,162000
241,Dragon scale dust,31
4587,Dragon scimitar,60000
20002,Dragon scimitar ornament kit,3000
1249,Dragon spear,37440
1263,Dragon spear(p),37440
5716,Dragon spear(p+),37440
5730,Dragon spear(p++),37440
1187,Dragon sq shield,300000
12532,Dragon sq shield ornament kit,3000
21009,Dragon sword,43200
20849,Dragon thrownaxe,450
13576,Dragon warhammer,72000
22111,Dragonbone necklace,48000
11284,Dragonfire shield,1200000
22003,Dragonfire ward,1200000
22929,Dragonfruit,57
22795,Dragonfruit pie,42
22866,Dragonfruit sapling,1
22877,Dragonfruit tree seed,258
1615,Dragonstone,6000
1702,Dragonstone amulet,10575
1683,Dragonstone amulet (u),10575
23667,Dragonstone armour set,48000
9193,Dragonstone bolt tips,400
9341,Dragonstone bolts,580
9244,Dragonstone bolts (e),637
24043,Dragonstone boots,7500
11115,Dragonstone bracelet,11475
21971,Dragonstone dragon bolts,597
21948,Dragonstone dragon bolts (e),690
24034,Dragonstone full helm,21120
24046,Dragonstone gauntlets,7500
24037,Dragonstone platebody,39000
24040,Dragonstone platelegs,38400
1645,Dragonstone ring,10575
22783,Drake bones,96
22957,Drake's claw,60000
22960,Drake's tooth,60000
19615,Draynor manor teleport (tablet),1
21652,Drift net,12
538,Druid's robe,18
540,Druid's robe top,24
2092,Drunk dragon,18
28997,Dual macuahuitl,174006
23206,Dual sai,3600
30328,Dust,1
20736,Dust battlestaff,9300
4696,Dust rune,12
12863,Dwarf cannon set,360000
267,Dwarf weed,42
109,Dwarf weed potion (unf),42
5303,Dwarf weed seed,3
11200,Dwarven helmet,36000
1913,Dwarven stout,1
5777,Dwarven stout(4),1
5747,Dwarven stout(m),1
5857,Dwarven stout(m4),1
2126,Dwellberries,2
5103,Dwellberry seed,15
13573,Dynamite,30
4166,Earmuffs,120
1399,Earth battlestaff,9300
11244,Earth impling jar,30
575,Earth orb,180
557,Earth rune,2
1440,Earth talisman,2
5535,Earth tiara,60
1961,Easter egg,6
30451,Echo ahrim's ornament kit,1
28942,Echo crystal,300
30453,Echo home teleport scroll,1
30432,Echo venator bow ornament kit,1
30443,Echo virtus ornament kit,1
11248,Eclectic impling jar,30
29000,Eclipse atlatl,96000
29004,Eclipse moon chestplate,174006
29049,Eclipse moon chestplate (broken),174006
29010,Eclipse moon helm,61800
29055,Eclipse moon helm (broken),61800
29007,Eclipse moon tassets,173946
29052,Eclipse moon tassets (broken),173946
29415,Eclipse red,600
403,Edible seaweed,1
21140,Efaritay's aid,855
22595,Efh salt,6
1944,Egg,2
7064,Egg and tomato,7
7056,Egg potato,7
7435,Egg whisk,30
20595,Elder chaos hood,300
20520,Elder chaos robe,420
20517,Elder chaos top,480
21003,Elder maul,300006
24517,Eldritch orb,2400000
9729,Elemental helmet,12
2890,Elemental shield,12
8626,Elemental sphere (flatpack),6
5516,Elemental talisman,300
26804,Elemental tiara,1
25985,Elidinis' ward,1
24003,Elven boots,6000
23948,Elven dawn,3
24006,Elven gloves,6000
24024,Elven legwear,3000
23943,Elven signet,18000
24018,Elven skirt (white),3000
24012,Elven skirt (yellow),3000
24027,Elven top (white vest),3000
24015,Elven top (white),3000
24021,Elven top (yellow vest),3000
24009,Elven top (yellow),3000
12819,Elysian sigil,450000
12817,Elysian spirit shield,1200000
1605,Emerald,300
1696,Emerald amulet,765
1677,Emerald amulet (u),765
9190,Emerald bolt tips,19
9338,Emerald bolts,31
9241,Emerald bolts (e),35
11076,Emerald bracelet,915
21965,Emerald dragon bolts,480
21942,Emerald dragon bolts (e),498
1658,Emerald necklace,855
1639,Emerald ring,765
4527,Empty candle lantern,6
1980,Empty cup,1
6667,Empty fishbowl,1
4525,Empty oil lamp,15
4535,Empty oil lantern,72
5350,Empty plant pot,1
5418,Empty sack,1
8019,Enchant diamond,1
8020,Enchant dragonstone,1
8017,Enchant emerald or jade,1
8021,Enchant onyx,1
8018,Enchant ruby or topaz,1
8016,Enchant sapphire or opal,1
7400,Enchanted hat,9000
7398,Enchanted robe,48000
7399,Enchanted top,72000
11455,Energy mix(1),21
11453,Energy mix(2),43
3014,Energy potion(1),21
3012,Energy potion(2),43
3010,Energy potion(3),66
3008,Energy potion(4),87
23959,Enhanced crystal teleport seed,60000
25859,Enhanced crystal weapon seed,300000
29253,Enhanced quetzal whistle blueprint,3000
13508,Ensouled abyssal head,351
13505,Ensouled aviansie head,331
13463,Ensouled bear head,156
13496,Ensouled bloodveld head,296
13472,Ensouled chaos druid head,179
13493,Ensouled dagannoth head,273
13502,Ensouled demon head,316
13469,Ensouled dog head,171
13511,Ensouled dragon head,390
13481,Ensouled elf head,214
13475,Ensouled giant head,191
13448,Ensouled goblin head,31
26997,Ensouled hellhound head,1
13487,Ensouled horror head,241
13454,Ensouled imp head,93
13490,Ensouled kalphite head,259
13457,Ensouled minotaur head,136
13451,Ensouled monkey head,62
13478,Ensouled ogre head,202
13460,Ensouled scorpion head,148
13484,Ensouled troll head,230
13499,Ensouled tzhaar head,304
13466,Ensouled unicorn head,160
2128,Equa leaves,1
11246,Essence impling jar,30
13235,Eternal boots,45000
13227,Eternal crystal,27000
21270,Eternal gem,5700
20433,Evil chicken feet,1
20439,Evil chicken head,1
20442,Evil chicken legs,1
20436,Evil chicken wings,1
21177,Expeditious bracelet,690
12514,Explorer backpack,930
29833,Extended anti-venom+(1),1
29830,Extended anti-venom+(2),1
29827,Extended anti-venom+(3),1
29824,Extended anti-venom+(4),1
11962,Extended antifire mix(1),96
11960,Extended antifire mix(2),144
11957,Extended antifire(1),66
11955,Extended antifire(2),132
11953,Extended antifire(3),198
11951,Extended antifire(4),264
22224,Extended super antifire mix(1),96
22221,Extended super antifire mix(2),144
22218,Extended super antifire(1),408
22215,Extended super antifire(2),432
22212,Extended super antifire(3),456
22209,Extended super antifire(4),480
221,Eye of newt,1
4164,Facemask,120
4593,Fake beard,1
8009,Falador teleport (tablet),1
8445,Fancy hedge (bagged),15000
8604,Fancy teak dresser (flatpack),6
20008,Fancy tiara,4800
27670,Fangs of venenatis,48000
3755,Farseer helm,36000
3367,Fat snail,9
3373,Fat snail meat,18
4830,Fayrg bones,1
314,Feather,1
11990,Fedora,180
12404,Feldip hills teleport,6
10119,Feldip weasel fur,8
28177,Felling axe handle,1
19621,Fenkenstrain's castle teleport (tablet),1
6382,Fez,12
6167,Fibula piece,36
25766,Fiendish ashes,1
5354,Filled plant pot,1
3470,Fine cloth,300
1393,Fire battlestaff,9300
30631,Fire element staff crown,1
569,Fire orb,180
554,Fire rune,2
1442,Fire talisman,2
5537,Fire tiara,60
22818,Fish chunks,12
272,Fish food,1
11334,Fish offcuts,1
7188,Fish pie,60
313,Fishing bait,1
24959,Fishing guild teleport (tablet),1
11479,Fishing mix(1),60
11477,Fishing mix(2),90
155,Fishing potion(1),60
153,Fishing potion(2),90
151,Fishing potion(3),120
2438,Fishing potion(4),150
307,Fishing rod,3
3404,Fiyr remains,1
21180,Flamtaer bracelet,780
3678,Flamtaer hammer,6000
10394,Flared trousers,1200
6171,Flattened hide,36
1779,Flax,3
2865,Flighted ogre arrow,1
309,Fly fishing rod,3
28157,Forester's ration,1
27638,Forgotten brew(1),1
27635,Forgotten brew(2),1
27632,Forgotten brew(3),1
27629,Forgotten brew(4),1
8586,Four-poster bed (flatpack),6
29163,Fox fur,6
3771,Fremennik beige shirt,150
3789,Fremennik black cloak,150
3763,Fremennik blue cloak,150
3775,Fremennik blue shirt,150
3791,Fremennik boots,300
3761,Fremennik brown cloak,150
3767,Fremennik brown shirt,150
3759,Fremennik cyan cloak,150
3799,Fremennik gloves,300
3765,Fremennik green cloak,150
3779,Fremennik grey cloak,150
3769,Fremennik grey shirt,150
3797,Fremennik hat,300
23246,Fremennik kilt,36000
3787,Fremennik pink cloak,150
3785,Fremennik purple cloak,150
3777,Fremennik red cloak,150
3773,Fremennik red shirt,150
3793,Fremennik robe,300
3795,Fremennik skirt,300
3783,Fremennik teal cloak,150
3781,Fremennik yellow cloak,150
7082,Fried mushrooms,25
7084,Fried onions,4
23288,Frog slippers,600
10954,Frog-leather body,600
10958,Frog-leather boots,120
10956,Frog-leather chaps,540
29895,Frozen tear,300
12769,Frozen whip mix,1
2277,Fruit batta,1
2084,Fruit blast,18
7441,Frying pan,996
6814,Fur,6
12526,Fury ornament kit,3000
7668,Gadderhammer,1800
3853,Games necklace(8),630
7178,Garden pie,14
5345,Gardening boots,15
5325,Gardening trowel,7
1550,Garlic,1
4668,Garlic powder,6
12778,Ghorrock teleport (tablet),1
22324,Ghrazi rapier,3000000
2171,Gianne dough,1
2167,Gianne's cook book,1
23252,Giant boot,8400
23517,Giant egg sac(full),6
4517,Giant frog legs,60
21504,Giant seaweed,1
20155,Gilded 2h sword,38400
13036,Gilded armour set (lg),48000
13038,Gilded armour set (sk),48000
23279,Gilded axe,21000
8574,Gilded bench (flatpack),6
12391,Gilded boots,7500
9846,Gilded cape rack (flatpack),6
20149,Gilded chainbody,30000
8594,Gilded clock (flatpack),6
23258,Gilded coif,1200
23264,Gilded d'hide body,30000
23267,Gilded d'hide chaps,24000
23261,Gilded d'hide vambraces,24000
23124,Gilded dragonhide set,7500
8608,Gilded dresser (flatpack),6
8588,Gilded four-poster (flatpack),6
3486,Gilded full helm,21120
20161,Gilded hasta,12480
3488,Gilded kiteshield,32640
9857,Gilded magic wardrobe (flatpack),6
20146,Gilded med helm,11520
23276,Gilded pickaxe,30000
3481,Gilded platebody,39000
3483,Gilded platelegs,38400
3485,Gilded plateskirt,38400
12389,Gilded scimitar,15360
23282,Gilded spade,600
20158,Gilded spear,12480
20152,Gilded sq shield,23040
8622,Gilded wardrobe (flatpack),6
2019,Gin,3
29889,Glacial temotli,49800
1785,Glassblowing pipe,1
20134,Gloves of darkness,6000
10075,Gloves of silence,360
9472,Gnome goggles,600
9470,Gnome scarf,600
2169,Gnome spice,1
751,Gnomeball,1
2166,Gnomebowl mould,6
20275,Gnomish firelighter,600
30146,Goading potion(1),90
30143,Goading potion(2),120
30140,Goading potion(3),150
30137,Goading potion(4),180
9736,Goat horn dust,7
10999,Goblin book,1
288,Goblin mail,24
12251,Goblin mask,1200
11798,Godsword blade,450000
11818,Godsword shard 1,150000
11820,Godsword shard 2,150000
11822,Godsword shard 3,150000
1692,Gold amulet,210
1673,Gold amulet (u),210
2357,Gold bar,180
11069,Gold bracelet,330
12343,Gold elegant blouse,1200
12349,Gold elegant legs,1200
12347,Gold elegant shirt,1200
12345,Gold elegant skirt,1200
12303,Gold headband,24
8784,Gold leaf,60000
25454,Gold locks,19200
1654,Gold necklace,270
444,Gold ore,90
1635,Gold ring,210
9040,Gold seal,18
26788,Gold tiara,60
20208,Golden apron,1
20205,Golden chef's hat,1
9028,Golden scarab,18
9034,Golden statuette,18
19653,Golovanova fruit top,1
11242,Gourmet impling jar,30
6311,Gout tuber,120
10099,Graahk fur,72
10051,Graahk headdress,450
10047,Graahk legs,90
10049,Graahk top,90
1947,Grain,1
9469,Grand seed pod,150
6981,Granite (2kg),1
6979,Granite (500g),1
6983,Granite (5kg),1
10564,Granite body,48000
21643,Granite boots,7500
12849,Granite clamp,3000
21736,Granite gloves,20400
21742,Granite hammer,38400
10589,Granite helm,27600
6809,Granite legs,39600
21646,Granite longsword,19200
4153,Granite maul,30000
21739,Granite ring,9000
3122,Granite shield,33600
13657,Grape seed,44
1987,Grapes,1
20023,Greater demon mask,2400
22835,Greater siren,1
7323,Green boater,135
628,Green boots,120
1027,Green cape,19
1135,Green d'hide body,4680
7370,Green d'hide body (g),4680
7372,Green d'hide body (t),4680
1099,Green d'hide chaps,2340
7378,Green d'hide chaps (g),2340
7380,Green d'hide chaps (t),2340
22275,Green d'hide shield,3300
1065,Green d'hide vambraces,1500
12759,Green dark bow paint,1
1745,Green dragon leather,30
12518,Green dragon mask,6000
1753,Green dragonhide,81
12865,Green dragonhide set,3000
1771,Green dye,3
10432,Green elegant blouse,1200
10414,Green elegant legs,1200
10412,Green elegant shirt,1200
10434,Green elegant skirt,1200
7330,Green firelighter,9
1053,Green halloween mask,9
658,Green hat,96
12307,Green headband,24
1044,Green partyhat,1
648,Green robe bottoms,108
638,Green robe top,108
10079,Green spiky vambraces,1500
1909,Greenman's ale,1
8522,Greenman's ale (flatpack),6
5743,Greenman's ale(m),1
5793,Greenmans ale(4),1
5873,Greenmans ale(m4),1
2894,Grey boots,300
2902,Grey gloves,300
2900,Grey hat,300
2898,Grey robe bottoms,300
2896,Grey robe top,300
2526,Grey toy horsey,60
958,Grey wolf fur,30
211,Grimy avantoe,10
215,Grimy cadantine,13
217,Grimy dwarf weed,14
199,Grimy guam leaf,7
205,Grimy harralander,9
30094,Grimy huasca,15
209,Grimy irit leaf,10
213,Grimy kwuarm,12
2485,Grimy lantadyme,13
201,Grimy marrentill,8
207,Grimy ranarr weed,18
3051,Grimy snapdragon,12
203,Grimy tarromin,9
3049,Grimy toadflax,11
219,Grimy torstol,15
1915,Grog,1
6681,Ground guam,1
23499,Grubby key,19
249,Guam leaf,1
91,Guam potion (unf),1
5291,Guam seed,1
10142,Guam tar,1
21733,Guardian boots,183000
12873,Guthan's armour set,240000
4730,Guthan's chainskirt,165000
4926,Guthan's chainskirt 0,165000
4724,Guthan's helm,61800
4908,Guthan's helm 0,61800
4728,Guthan's platebody,168000
4920,Guthan's platebody 0,168000
4726,Guthan's warspear,60000
4914,Guthan's warspear 0,60000
13048,Guthix armour set (lg),48000
13050,Guthix armour set (sk),48000
7666,Guthix balance(1),120
7664,Guthix balance(2),120
7662,Guthix balance(3),120
7660,Guthix balance(4),120
10376,Guthix bracers,3600
10380,Guthix chaps,3600
10448,Guthix cloak,1200
10382,Guthix coif,1200
10442,Guthix crozier,3000
10378,Guthix d'hide body,7800
19927,Guthix d'hide boots,5580
23188,Guthix d'hide shield,17000
13165,Guthix dragonhide set,5400
2673,Guthix full helm,21120
2675,Guthix kiteshield,32640
10454,Guthix mitre,3000
6760,Guthix mjolnir,375
3835,Guthix page 1,120
3836,Guthix page 2,120
3837,Guthix page 3,120
3838,Guthix page 4,120
2669,Guthix platebody,39000
2671,Guthix platelegs,38400
3480,Guthix plateskirt,38400
4423,Guthix rest(1),30
4421,Guthix rest(2),30
4419,Guthix rest(3),30
4417,Guthix rest(4),30
10466,Guthix robe legs,4200
10462,Guthix robe top,4200
10472,Guthix stole,1500
29684,Guthixian temple teleport,1
10814,Hair,1
1989,Half full wine jug,1
20053,Half moon spectacles,11670
13175,Halloween mask set,4
4310,Ham boots,45
4304,Ham cloak,45
4308,Ham gloves,45
4302,Ham hood,45
23360,Ham joint,900
4306,Ham logo,45
4300,Ham robe,45
4298,Ham shirt,45
2347,Hammer,1
5994,Hammerstone hops,2
5307,Hammerstone seed,1
1743,Hard leather,1
22269,Hard leather shield,300
1131,Hardleather body,102
24511,Harmonised orb,2400000
19625,Harmony island teleport (tablet),1
311,Harpoon,3
255,Harralander,12
97,Harralander potion (unf),12
5294,Harralander seed,2
10145,Harralander tar,1
8928,Hat eyepatch,60
53,Headless arrow,1
19481,Heavy ballista,570000
19589,Heavy frame,30000
10828,Helm of neitiznot,30000
347,Herring,6
2631,Highwayman mask,24
20756,Hill giant club,36000
20220,Holy blessing,48
13149,Holy book page set,4200
12833,Holy elixir,450000
1599,Holy mould,3
12598,Holy sandals,1200
1718,Holy symbol,180
19997,Holy wraps,5760
20229,Honourable blessing,48
20128,Hood of darkness,6000
20254,Hosidius banner,42
20116,Hosidius hood,1
19946,Hosidius scarf,6000
30097,Huasca,45
30100,Huasca potion (unf),15
30088,Huasca seed,42
30085,Hueycoatl hide,66
30076,Hueycoatl hide body,8088
30079,Hueycoatl hide chaps,3732
30073,Hueycoatl hide coif,1200
30082,Hueycoatl hide vambraces,2592
10004,Hunter potion(1),3
10002,Hunter potion(2),5
10000,Hunter potion(3),7
9998,Hunter potion(4),9
29311,Hunter spear tips,3
29305,Hunter's spear,210
10156,Hunters' crossbow,780
28869,Hunters' sunlight crossbow,780
11519,Hunting mix(1),3
11517,Hunting mix(2),5
22786,Hydra bones,96
22983,Hydra leather,60000
22988,Hydra tail,60000
22966,Hydra's claw,90000
30628,Ice element staff crown,1
24963,Ice plateau teleport (tablet),1
22599,Icy basalt,54
20724,Imbued heart,300000
28831,Immature tecu salamander,120
12249,Imp mask,1200
29966,Imperial rosÃ©,240
11260,Impling jar,1
19598,Incomplete heavy ballista,30000
19595,Incomplete light ballista,30000
25778,Infernal ashes,1
6920,Infinity boots,7200
6924,Infinity bottoms,54000
6922,Infinity gloves,7200
6918,Infinity hat,10200
6916,Infinity top,84000
5576,Initiate cuisse,4800
9668,Initiate harness m,12000
5575,Initiate hauberk,6000
5574,Initiate sallet,3600
11088,Inoculation bracelet,1536
24488,Inquisitor's armour set,1
24419,Inquisitor's great helm,300000
24420,Inquisitor's hauberk,600000
24417,Inquisitor's mace,3000000
24421,Inquisitor's plateskirt,450000
28,Insect repellent,1
7159,Insulated boots,120
12410,Iorwerth camp teleport,6
259,Irit leaf,24
101,Irit potion (unf),24
5297,Irit seed,3
28837,Irit tar,1
1309,Iron 2h sword,168
884,Iron arrow,1
885,Iron arrow(p),1
5617,Iron arrow(p+),1
5623,Iron arrow(p++),1
40,Iron arrowtips,1
1349,Iron axe,33
2351,Iron bar,16
1363,Iron battleaxe,109
9140,Iron bolts,1
9287,Iron bolts (p),1
9294,Iron bolts (p+),1
9301,Iron bolts (p++),1
9377,Iron bolts (unf),1
4121,Iron boots,50
4778,Iron brutal,6
1101,Iron chainbody,126
3096,Iron claws,30
9177,Iron crossbow,94
9457,Iron crossbow (u),73
1203,Iron dagger,21
1219,Iron dagger(p),21
5668,Iron dagger(p+),21
5686,Iron dagger(p++),21
807,Iron dart,1
813,Iron dart (p),1
820,Iron dart tip,1
5629,Iron dart(p+),1
5636,Iron dart(p++),1
12365,Iron dragon mask,6000
28199,Iron felling axe,33
1153,Iron full helm,92
12241,Iron full helm (g),96
12231,Iron full helm (t),96
12980,Iron gold-trimmed set (lg),540
12982,Iron gold-trimmed set (sk),540
3192,Iron halberd,168
11369,Iron hasta,54
11386,Iron hasta(p),54
11389,Iron hasta(p+),54
11391,Iron hasta(p++),54
826,Iron javelin,3
19572,Iron javelin heads,21
832,Iron javelin(p),3
5643,Iron javelin(p+),3
5649,Iron javelin(p++),3
1191,Iron kiteshield,142
12243,Iron kiteshield (g),144
12233,Iron kiteshield (t),144
863,Iron knife,1
871,Iron knife(p),1
5655,Iron knife(p+),1
5662,Iron knife(p++),1
9423,Iron limbs,42
1293,Iron longsword,84
1420,Iron mace,37
1137,Iron med helm,50
4820,Iron nails,2
440,Iron ore,10
1267,Iron pickaxe,84
1115,Iron platebody,336
12235,Iron platebody (g),336
12225,Iron platebody (t),336
1067,Iron platelegs,168
12237,Iron platelegs (g),168
12227,Iron platelegs (t),168
1081,Iron plateskirt,168
12239,Iron plateskirt (g),168
12229,Iron plateskirt (t),168
1323,Iron scimitar,67
12972,Iron set (lg),540
12974,Iron set (sk),540
1239,Iron spear,54
1253,Iron spear(p),54
5706,Iron spear(p+),54
5720,Iron spear(p++),54
7225,Iron spit,38
1175,Iron sq shield,100
1279,Iron sword,54
801,Iron thrownaxe,4
12976,Iron trimmed set (lg),540
12978,Iron trimmed set (sk),540
1335,Iron warhammer,103
9026,Ivory comb,6
29952,Ixcoztic white,60
1611,Jade,90
21111,Jade amulet,630
21102,Jade amulet (u),630
9187,Jade bolt tips,6
21120,Jade bracelet,780
21957,Jade dragon bolts,360
21934,Jade dragon bolts (e),378
6315,Jade machete,600
21093,Jade necklace,765
21084,Jade ring,765
29218,Jaguar fur,48
247,Jangerberries,1
5104,Jangerberry seed,36
23064,Jar of chemicals,1
19701,Jar of darkness,1
22106,Jar of decay,1
12007,Jar of dirt,1
24495,Jar of dreams,1
23525,Jar of eyes,1
13277,Jar of miasma,1
12885,Jar of sand,1
25524,Jar of smoke,1
13245,Jar of souls,1
25521,Jar of spirits,1
21745,Jar of stone,1
12936,Jar of swamp,1
19584,Javelin shaft,1
29166,Jerboa tail,1
23297,Jester cape,600
3125,Jogre bones,1
1935,Jug,1
1937,Jug of water,1
1993,Jug of wine,1
10059,Jungle camo legs,12
28848,Jungle camo legs (equipped),12
10057,Jungle camo top,12
28845,Jungle camo top (equipped),12
20032,Jungle demon mask,2400
22438,Justiciar armour set,87000
22327,Justiciar chestguard,3600000
22326,Justiciar faceguard,1200000
22328,Justiciar legguards,2700000
5931,Jute fibre,3
5306,Jute seed,3
3157,Karambwan vessel,3
3159,Karambwan vessel (baited),24
4595,Karidian disguise,1
12883,Karil's armour set,120000
4732,Karil's coif,7800
4932,Karil's coif 0,7800
4734,Karil's crossbow,96000
4938,Karil's crossbow 0,96000
4738,Karil's leatherskirt,28200
4950,Karil's leatherskirt 0,28200
4736,Karil's leathertop,30000
4944,Karil's leathertop 0,30000
12357,Katana,14400
1971,Kebab,1
1881,Kebab mix,5
10158,Kebbit bolts,10
10113,Kebbit claws,25
10105,Kebbit spike,54
10109,Kebbit teeth,96
10111,Kebbit teeth dust,96
3801,Keg of beer,150
4591,Kharidian headpiece,1
12779,Kharyrll teleport (tablet),1
24957,Khazard teleport (tablet),1
2162,King worm,1
7447,Kitchen knife,4800
8528,Kitchen table (flatpack),6
946,Knife,3
21043,Kodai insignia,90000
21006,Kodai wand,90000
28790,Kourend castle teleport (tablet),1
27014,Kovac's grog,1
12004,Kraken tentacle,50004
6000,Krandorian hops,6
5310,Krandorian seed,4
263,Kwuarm,32
105,Kwuarm potion (unf),32
5299,Kwuarm seed,6
10103,Kyatt fur,96
10039,Kyatt hat,600
10035,Kyatt legs,120
10037,Kyatt top,120
2481,Lantadyme,40
2483,Lantadyme potion (unf),40
5302,Lantadyme seed,5
4542,Lantern lens,42
8580,Large oak bed (flatpack),6
8584,Large teak bed (flatpack),6
23490,Larran's key,1
10095,Larupia fur,48
10045,Larupia hat,300
10041,Larupia legs,60
10043,Larupia top,60
12780,Lassar teleport (tablet),1
3053,Lava battlestaff,10200
11943,Lava dragon bones,90
12371,Lava dragon mask,6000
4699,Lava rune,12
11992,Lava scale,30
11994,Lava scale shard,12
21202,Lava staff upgrade kit,900
563,Law rune,144
20727,Leaf-bladed battleaxe,57600
11902,Leaf-bladed sword,40800
3365,Lean snail,6
3371,Lean snail meat,12
11330,Leaping salmon,1
11332,Leaping sturgeon,2
11328,Leaping trout,1
1741,Leather,1
1129,Leather body,12
23381,Leather body (g),510
1061,Leather boots,3
1095,Leather chaps,12
23384,Leather chaps (g),510
1167,Leather cowl,14
1059,Leather gloves,3
1063,Leather vambraces,10
6020,Leaves,1
19724,Left eye patch,1
2102,Lemon,1
2104,Lemon chunks,1
2106,Lemon slices,1
12359,Leprechaun hat,600
20020,Lesser demon mask,2400
19478,Light ballista,75000
19985,Light bow tie,3000
19586,Light frame,30000
12530,Light infinity colour kit,3000
10973,Light orb,210
19979,Light trousers,3600
19976,Light tuxedo cuffs,1800
19973,Light tuxedo jacket,6000
19982,Light tuxedo shoes,1800
25975,Lightbearer,1
27272,Lily of the sands,1
2120,Lime,1
2122,Lime chunks,1
2124,Lime slices,1
3211,Limestone,6
3420,Limestone brick,12
225,Limpwurt root,4
5100,Limpwurt seed,7
4684,Linen,18
25826,Lizardkicker,3
13391,Lizardman fang,36
3396,Loar remains,1
379,Lobster,42
301,Lobster pot,12
1523,Lockpick,12
9052,Locust meat,1
28146,Log brace,1
1511,Logs,2
10159,Long kebbit bolts,18
10107,Long kebbit spike,90
839,Longbow,48
48,Longbow (u),36
987,Loop half of key,60
24585,Looting bag note,54
20257,Lovakengj banner,42
20119,Lovakengj hood,1
19949,Lovakengj scarf,6000
12642,Lumberyard teleport,6
8008,Lumbridge teleport (tablet),1
12405,Lunar isle teleport,6
9864,M. treasure chest (flatpack),6
975,Machete,24
355,Mackerel,9
6889,Mage's book,300
22201,Magic bird house,3
10025,Magic box,360
9848,Magic cape rack (flatpack),6
10284,Magic comp bow,1500
11491,Magic essence mix(1),78
11489,Magic essence mix(2),108
12932,Magic fang,61200
6030,Magic leaves,1
1513,Magic logs,192
859,Magic longbow,1536
70,Magic longbow (u),768
11515,Magic mix(1),90
11513,Magic mix(2),120
3046,Magic potion(1),90
3044,Magic potion(2),120
3042,Magic potion(3),150
3040,Magic potion(4),180
3448,Magic pyre logs,384
6051,Magic roots,1
5374,Magic sapling,1
5316,Magic seed,253
22263,Magic shield,768
861,Magic shortbow,960
72,Magic shortbow (u),480
12786,Magic shortbow scroll,3000
1389,Magic staff,120
21952,Magic stock,168
8788,Magic stone,450000
6038,Magic string,1
11252,Magpie impling jar,30
28313,Magus ring,1
8508,Mahogany armchair (flatpack),6
9861,Mahogany armour case (flatpack),6
8572,Mahogany bench (flatpack),6
22195,Mahogany bird house,3
8514,Mahogany bookcase (flatpack),6
9845,Mahogany cape rack (flatpack),6
8606,Mahogany dresser (flatpack),6
9867,Mahogany fancy dress box (flatpack),6
6332,Mahogany logs,30
9856,Mahogany magic wardrobe (flatpack),6
8782,Mahogany plank,900
6213,Mahogany pyre logs,120
21480,Mahogany sapling,1
21488,Mahogany seed,28
9450,Mahogany stock,79
8558,Mahogany table (flatpack),6
9851,Mahogany toy box (flatpack),6
8620,Mahogany wardrobe (flatpack),6
11931,Malediction shard 1,18600
11932,Malediction shard 2,18600
11933,Malediction shard 3,18600
11924,Malediction ward,27000
25772,Malicious ashes,1
391,Manta ray,120
22192,Maple bird house,3
6416,Maple blackjack,720
6420,Maple blackjack(d),960
6418,Maple blackjack(o),960
6028,Maple leaves,1
1517,Maple logs,48
851,Maple longbow,384
62,Maple longbow (u),192
3444,Maple pyre logs,96
6047,Maple roots,1
5372,Maple sapling,1
5314,Maple seed,28
22257,Maple shield,192
853,Maple shortbow,240
64,Maple shortbow (u),120
9448,Maple stock,60
8786,Marble block,150000
9847,Marble cape rack (flatpack),6
9858,Marble magic wardrobe (flatpack),6
5096,Marigold seed,1
6010,Marigolds,1
251,Marrentill,3
93,Marrentill potion (unf),3
5292,Marrentill seed,1
10143,Marrentill tar,1
23522,Mask of ranul,3000
27355,Masori armour set (f),1
27229,Masori body,1
27238,Masori body (f),1
27232,Masori chaps,1
27241,Masori chaps (f),1
27226,Masori mask,1
27235,Masori mask (f),1
21387,Master scroll book (empty),3000
6914,Master wand,60000
5765,Mature cider,1
5741,Mature wmb,1
2327,Meat pie,9
2293,Meat pizza,30
7449,Meat tenderiser,24900
6392,Menaphite purple hat,21
6398,Menaphite purple kilt,12
6396,Menaphite purple robe,24
6394,Menaphite purple top,12
6400,Menaphite red hat,21
6406,Menaphite red kilt,12
6404,Menaphite red robe,24
6402,Menaphite red top,12
27211,Menaphite remedy(1),1
27208,Menaphite remedy(2),1
27205,Menaphite remedy(3),1
27202,Menaphite remedy(4),1
21649,Merfolk trident,240
29955,Metztonalli white,300
7070,Minced meat,4
19617,Mind altar teleport (tablet),1
5801,Mind bomb(4),1
5881,Mind bomb(m4),1
9733,Mind helmet,1800
558,Mind rune,1
9731,Mind shield,1800
1448,Mind talisman,2
5529,Mind tiara,60
5014,Mining helmet,360
9475,Mint cake,150
4156,Mirror shield,3000
20730,Mist battlestaff,9300
4695,Mist rune,12
9419,Mith grapple,1
9418,Mith grapple (unf),28
9416,Mith grapple tip,18
1315,Mithril 2h sword,1560
888,Mithril arrow,19
889,Mithril arrow(p),19
5619,Mithril arrow(p+),19
5625,Mithril arrow(p++),19
42,Mithril arrowtips,9
1355,Mithril axe,312
2359,Mithril bar,180
1369,Mithril battleaxe,1014
9142,Mithril bolts,12
9289,Mithril bolts (p),12
9296,Mithril bolts (p+),12
9303,Mithril bolts (p++),12
9379,Mithril bolts (unf),1
4127,Mithril boots,468
4793,Mithril brutal,30
1109,Mithril chainbody,1170
3099,Mithril claws,285
9181,Mithril crossbow,469
9461,Mithril crossbow (u),450
1209,Mithril dagger,195
1225,Mithril dagger(p),195
5674,Mithril dagger(p+),195
5692,Mithril dagger(p++),195
809,Mithril dart,15
822,Mithril dart tip,7
815,Mithril dart(p),15
5632,Mithril dart(p+),15
5639,Mithril dart(p++),15
12369,Mithril dragon mask,6000
28208,Mithril felling axe,312
1159,Mithril full helm,858
12283,Mithril full helm (g),858
12293,Mithril full helm (t),858
13008,Mithril gold-trimmed set (lg),3000
13010,Mithril gold-trimmed set (sk),3000
3198,Mithril halberd,1560
11373,Mithril hasta,507
11400,Mithril hasta(p),507
11403,Mithril hasta(p+),507
11405,Mithril hasta(p++),507
828,Mithril javelin,38
19576,Mithril javelin heads,99
834,Mithril javelin(p),38
5645,Mithril javelin(p+),38
5651,Mithril javelin(p++),38
1197,Mithril kiteshield,1326
12281,Mithril kiteshield (g),1326
12291,Mithril kiteshield (t),1326
866,Mithril knife,16
873,Mithril knife(p),16
5657,Mithril knife(p+),16
5664,Mithril knife(p++),16
9427,Mithril limbs,390
1299,Mithril longsword,780
1428,Mithril mace,351
1143,Mithril med helm,468
4822,Mithril nails,10
447,Mithril ore,97
1273,Mithril pickaxe,780
1121,Mithril platebody,3120
12277,Mithril platebody (g),3120
12287,Mithril platebody (t),3120
1071,Mithril platelegs,1560
12279,Mithril platelegs (g),1560
12289,Mithril platelegs (t),1560
1085,Mithril plateskirt,1560
12285,Mithril plateskirt (g),1560
12295,Mithril plateskirt (t),1560
1329,Mithril scimitar,624
299,Mithril seeds,120
13000,Mithril set (lg),3000
13002,Mithril set (sk),3000
1243,Mithril spear,507
1257,Mithril spear(p),507
5710,Mithril spear(p+),507
5724,Mithril spear(p++),507
1181,Mithril sq shield,936
1285,Mithril sword,507
803,Mithril thrownaxe,42
13004,Mithril trimmed set (lg),3000
13006,Mithril trimmed set (sk),3000
1343,Mithril warhammer,996
2472,Mixed flowers,60
29292,Mixed hide base,5400
29286,Mixed hide boots,2400
29289,Mixed hide cape,2400
29283,Mixed hide legs,2400
29280,Mixed hide top,2400
7416,Mole claw,360
7418,Mole skin,240
23285,Mole slippers,600
1775,Molten glass,1
542,Monk's robe,18
20202,Monk's robe (g),18
23306,Monk's robe (t),300
544,Monk's robe top,24
20199,Monk's robe top (g),30
23303,Monk's robe top (t),300
4014,Monkey bar,30
3183,Monkey bones,1
4012,Monkey nuts,1
19610,Monkey tail,30000
7946,Monkfish,138
12353,Monocle,720
29418,Moon-lite,9
24949,Moonclan teleport (tablet),1
29171,Moonlight antelope antler,1
29174,Moonlight antelope fur,6
28878,Moonlight antler bolts,18
2955,Moonlight mead,3
5817,Moonlight mead(4),1
5749,Moonlight mead(m),3
5897,Moonlight mead(m4),1
28893,Moonlight moth (item),1
29213,Moonlight moth mix (1),18
29195,Moonlight moth mix (2),18
22636,Morrigan's javelin,2400
22634,Morrigan's throwing axe,2400
2970,Mort myre fungus,1
2974,Mort myre pear,1
2972,Mort myre stem,1
12406,Mort'ton teleport,6
12411,Mos le'harmless teleport,6
22832,Mottled eel,1
6562,Mud battlestaff,10200
7170,Mud pie,32
4698,Mud rune,12
991,Muddy key,48
20083,Mummy's body,1
20092,Mummy's feet,1
20086,Mummy's hands,1
20080,Mummy's head,1
20089,Mummy's legs,1
6004,Mushroom,22
7066,Mushroom & onion,27
21690,Mushroom pie,18
7058,Mushroom potato,27
5282,Mushroom spore,51
12351,Musketeer hat,2100
12443,Musketeer pants,1122
12441,Musketeer tabard,1128
3327,Myre snelm,180
1405,Mystic air staff,25500
4097,Mystic boots,6000
4107,Mystic boots (dark),6000
23059,Mystic boots (dusk),6000
4117,Mystic boots (light),6000
20739,Mystic dust staff,25500
1407,Mystic earth staff,25500
1401,Mystic fire staff,25500
4095,Mystic gloves,6000
4105,Mystic gloves (dark),6000
23056,Mystic gloves (dusk),6000
4115,Mystic gloves (light),6000
4089,Mystic hat,9000
4099,Mystic hat (dark),9000
23047,Mystic hat (dusk),9000
4109,Mystic hat (light),9000
3054,Mystic lava staff,27000
20733,Mystic mist staff,25500
6563,Mystic mud staff,27000
4093,Mystic robe bottom,48000
4103,Mystic robe bottom (dark),48000
23053,Mystic robe bottom (dusk),48000
4113,Mystic robe bottom (light),48000
4091,Mystic robe top,72000
4101,Mystic robe top (dark),72000
23050,Mystic robe top (dusk),72000
4111,Mystic robe top (light),72000
23113,Mystic set (blue),141000
23116,Mystic set (dark),141000
23119,Mystic set (dusk),141000
23110,Mystic set (light),141000
12000,Mystic smoke staff,25500
11789,Mystic steam staff,27000
1403,Mystic water staff,25500
10937,Nail beast nails,180
12402,Nardah teleport,6
5098,Nasturtium seed,6
6012,Nasturtiums,2
11250,Nature impling jar,30
28152,Nature offerings,1
561,Nature rune,108
1462,Nature talisman,2
5541,Nature tiara,60
12325,Navy cavalier,120
1597,Necklace mould,3
19547,Necklace of anguish,121200
21157,Necklace of faith,855
21146,Necklace of passage(5),765
1733,Needle,1
10826,Neitiznot shield,300
8439,Nice hedge (bagged),6000
24422,Nightmare staff,360000
26368,Nihil dust,300
26372,Nihil horn,90000
26231,Nihil shard,300
30676,Nimbleness charm,1
11254,Ninja impling jar,30
10150,Noose wand,2
4168,Nose peg,120
29098,Not meat,1
29796,Noxious halberd,300000
21555,Numulite,6
19918,Nunchaku,3600
8504,Oak armchair (flatpack),6
9859,Oak armour case (flatpack),6
8578,Oak bed (flatpack),6
8564,Oak bench (flatpack),6
21515,Oak bird house,3
6410,Oak blackjack(d),240
6408,Oak blackjack(o),240
8512,Oak bookcase (flatpack),6
9843,Oak cape rack (flatpack),6
8502,Oak chair (flatpack),6
8590,Oak clock (flatpack),6
8550,Oak dining table (flatpack),6
8612,Oak drawers (flatpack),6
8600,Oak dresser (flatpack),6
9865,Oak fancy dress box (flatpack),6
8530,Oak kitchen table (flatpack),6
6022,Oak leaves,1
1521,Oak logs,12
845,Oak longbow,96
56,Oak longbow (u),48
9852,Oak magic wardrobe (flatpack),6
8778,Oak plank,150
3440,Oak pyre logs,24
6043,Oak roots,1
5370,Oak sapling,1
8598,Oak shaving stand (flatpack),6
22251,Oak shield,48
843,Oak shortbow,60
54,Oak shortbow (u),30
9442,Oak stock,16
9849,Oak toy box (flatpack),6
9862,Oak treasure chest (flatpack),6
8614,Oak wardrobe (flatpack),6
21279,Obsidian armour set,75600
6568,Obsidian cape,36000
20050,Obsidian cape (r),36000
21298,Obsidian helmet,33792
21301,Obsidian platebody,50400
21304,Obsidian platelegs,40200
12002,Occult necklace,27000
20065,Occult ornament kit,3000
3331,Ochre snelm,180
11928,Odium shard 1,18600
11929,Odium shard 2,18600
11930,Odium shard 3,18600
11926,Odium ward,27000
2866,Ogre arrow,15
2864,Ogre arrow shaft,1
4850,Ogre coffin key,60
4522,Oil lamp,16
4537,Oil lantern,75
4540,Oil lantern frame,54
20029,Old demon mask,2400
3428,Olive oil(1),8
3426,Olive oil(2),10
3424,Olive oil(3),12
3422,Olive oil(4),13
1957,Onion,1
1875,Onion & tomato,3
5319,Onion seed,1
5458,Onions(10),1
6573,Onyx,120000
6581,Onyx amulet,120600
6579,Onyx amulet (u),120600
9194,Onyx bolt tips,600
9342,Onyx bolts,8179
9245,Onyx bolts (e),9000
11130,Onyx bracelet,120600
21973,Onyx dragon bolts,8340
21950,Onyx dragon bolts (e),9480
6577,Onyx necklace,120600
6575,Onyx ring,120600
1609,Opal,60
21108,Opal amulet,540
21099,Opal amulet (u),540
45,Opal bolt tips,4
879,Opal bolts,4
9236,Opal bolts (e),4
21117,Opal bracelet,690
21955,Opal dragon bolts,330
21932,Opal dragon bolts (e),348
6313,Opal machete,300
21090,Opal necklace,630
21081,Opal ring,630
8560,Opulent table (flatpack),6
2108,Orange,1
7321,Orange boater,135
1031,Orange cape,19
2110,Orange chunks,1
1769,Orange dye,3
10091,Orange feather,9
2470,Orange flowers,60
10146,Orange salamander,60
5498,Orange sapling,1
2112,Orange slices,1
5285,Orange tree seed,18
5396,Oranges(5),1
24229,Ornate maul handle,1
26602,Osman's report,1
26219,Osmumten's fang,1
24951,Ourania teleport (tablet),1
4834,Ourg bones,1
407,Oyster,120
411,Oyster pearl,67
413,Oyster pearls,840
12781,Paddewwa teleport (tablet),1
5502,Palm sapling,1
5289,Palm tree seed,152
10396,Pantaloons,1200
5972,Papaya fruit,38
5501,Papaya sapling,1
5288,Papaya tree seed,69
970,Papyrus,6
12399,Partyhat & specs,1080
13173,Partyhat set,6
1953,Pastry dough,1
6697,Pat of butter,2
20226,Peaceful blessing,48
46,Pearl bolt tips,7
880,Pearl bolts,7
9238,Pearl bolts (e),9
21959,Pearl dragon bolts,390
21936,Pearl dragon bolts (e),408
13237,Pegasian boots,45000
13229,Pegasian crystal,27000
12428,Penguin mask,720
29256,Perfected quetzal whistle blueprint,4500
12407,Pest control teleport,6
233,Pestle and mortar,2
26945,Pharaoh's sceptre (uncharged),1
11090,Phoenix necklace,2430
3398,Phrin remains,1
2313,Pie dish,1
7162,Pie recipe book,3
2315,Pie shell,2
351,Pike,12
4689,Pile of salt,12
2114,Pineapple,1
2116,Pineapple chunks,1
2301,Pineapple pizza,60
2048,Pineapple punch,18
2118,Pineapple ring,1
5500,Pineapple sapling,1
5287,Pineapple seed,44
12309,Pink boater,135
626,Pink boots,120
6959,Pink cape,1
12339,Pink elegant blouse,1200
12317,Pink elegant legs,1200
12315,Pink elegant shirt,1200
12341,Pink elegant skirt,1200
656,Pink hat,96
12305,Pink headband,24
646,Pink robe bottoms,108
636,Pink robe top,108
1013,Pink skirt,1
7130,Pirate bandana (blue),60
7136,Pirate bandana (brown),60
7124,Pirate bandana (red),60
7112,Pirate bandana (white),60
7114,Pirate boots,210
12412,Pirate hat & patch,1800
7116,Pirate leggings (beige),210
7132,Pirate leggings (blue),210
7138,Pirate leggings (brown),210
7126,Pirate leggings (red),210
2651,Pirate's hat,108
2997,Pirate's hook,53
20260,Piscarilius banner,42
20122,Piscarilius hood,1
19952,Piscarilius scarf,6000
12408,Piscatoris teleport,6
12516,Pith helmet,516
1865,Pitta bread,6
2283,Pizza base,2
2289,Plain pizza,24
960,Plank,1
6036,Plant cure,24
3339,Pointed blood'n'tar snelm,180
3343,Pointed bruise blue snelm,180
3337,Pointed myre snelm,180
3341,Pointed ochre snelm,180
273,Poison (item),1
197,Poison chalice,12
6018,Poison ivy berries,39
5106,Poison ivy seed,99
10067,Polar camo legs,12
28860,Polar camo legs (equipped),12
10065,Polar camo top,12
28857,Polar camo top (equipped),12
10117,Polar kebbit fur,6
10496,Polished buttons,1
1931,Pot,1
4440,Pot lid,9
7468,Pot of cornflour,6
2130,Pot of cream,1
1933,Pot of flour,6
1942,Potato,1
3138,Potato cactus,1
22873,Potato cactus seed,84
5318,Potato seed,1
6703,Potato with butter,4
6705,Potato with cheese,4
5438,Potatoes(10),1
9032,Pottery scarab,6
9036,Pottery statuette,6
11467,Prayer mix(1),45
11465,Prayer mix(2),68
143,Prayer potion(1),45
141,Prayer potion(2),68
139,Prayer potion(3),91
2434,Prayer potion(4),114
30134,Prayer regeneration potion(1),90
30131,Prayer regeneration potion(2),120
30128,Prayer regeneration potion(3),150
30125,Prayer regeneration potion(4),180
2028,Premade blurb' sp.,18
2223,Premade c+t batta,72
2239,Premade ch' crunch,51
2229,Premade choc bomb,96
2030,Premade choc s'dy,18
2032,Premade dr' dragon,18
2034,Premade fr' blast,18
2225,Premade fr't batta,72
2036,Premade p' punch,18
2241,Premade s'y crunch,51
2038,Premade sgg,18
2221,Premade t'd batta,72
2243,Premade t'd crunch,51
2231,Premade ttl,96
2235,Premade veg ball,90
2227,Premade veg batta,72
2219,Premade w'm batta,72
2237,Premade w'm crun',51
2040,Premade wiz blz'd,18
2233,Premade worm hole,90
428,Priest gown (bottom),3
426,Priest gown (top),3
13239,Primordial boots,45000
13231,Primordial crystal,27000
6319,Proboscis,3
9676,Proselyte cuisse,6000
9670,Proselyte harness f,15000
9666,Proselyte harness m,15000
9674,Proselyte hauberk,7200
9672,Proselyte sallet,4800
9678,Proselyte tasset,6000
1959,Pumpkin,18
7936,Pure essence,2
12311,Purple boater,135
2934,Purple boots,300
1029,Purple cape,19
1773,Purple dye,3
10436,Purple elegant blouse,1200
10418,Purple elegant legs,1200
10416,Purple elegant shirt,1200
10438,Purple elegant skirt,1200
10326,Purple firelighter,9
2468,Purple flowers,60
2942,Purple gloves,300
2940,Purple hat,300
1046,Purple partyhat,1
2938,Purple robe bottoms,300
2936,Purple robe top,300
10476,Purple sweets,9
3438,Pyre logs,4
21545,Pyrophosphite,18
29307,Quetzal feed,30
10134,Rabbit foot,18
10031,Rabbit snare,9
30430,Raging echoes banner,600
30410,Raging echoes boots (t1),1
30418,Raging echoes boots (t2),1
30426,Raging echoes boots (t3),1
30428,Raging echoes cane,1
30557,Raging echoes curtains,1
30455,Raging echoes death scroll,1
30404,Raging echoes hat (t1),1
30412,Raging echoes hat (t2),1
30420,Raging echoes hat (t3),1
30459,Raging echoes nexus scroll,1
30457,Raging echoes npc contact scroll,1
30461,Raging echoes portal scroll,1
30331,Raging echoes relic hunter (t1) armour set,1
30334,Raging echoes relic hunter (t2) armour set,1
30337,Raging echoes relic hunter (t3) armour set,1
30408,Raging echoes robeskirt (t1),1
30416,Raging echoes robeskirt (t2),1
30424,Raging echoes robeskirt (t3),1
30554,Raging echoes rug,1
30560,Raging echoes scrying pool scroll,1
30563,Raging echoes spirit tree scroll,15000
30406,Raging echoes top (t1),1
30414,Raging echoes top (t2),1
30422,Raging echoes top (t3),1
23357,Rain bow,300
10136,Rainbow fish,72
5341,Rake,3
99,Ranarr potion (unf),15
5295,Ranarr seed,30
257,Ranarr weed,15
2577,Ranger boots,120
19994,Ranger gloves,2040
23249,Rangers' tights,12000
12596,Rangers' tunic,7200
11511,Ranging mix(1),86
11509,Ranging mix(2),129
173,Ranging potion(1),86
171,Ranging potion(2),129
169,Ranging potion(3),172
2444,Ranging potion(4),216
4832,Raurg bones,1
7196,Raw admiral pie,93
321,Raw anchovies,9
13439,Raw anglerfish,270
29101,Raw barb-tailed kebbit,1
363,Raw bass,24
2136,Raw bear meat,1
9986,Raw beast meat,15
2132,Raw beef,1
9978,Raw bird meat,10
25833,Raw boar meat,1
5001,Raw cave eel,9
2138,Raw chicken,1
2876,Raw chompy,51
341,Raw cod,6
11934,Raw dark crab,195
29107,Raw dashing kebbit,1
7186,Raw fish pie,30
7176,Raw garden pie,7
29119,Raw graahk,1
345,Raw herring,6
7566,Raw jubbly,60
3142,Raw karambwan,120
29125,Raw kyatt,1
29122,Raw larupia,1
377,Raw lobster,42
353,Raw mackerel,9
389,Raw manta ray,120
7944,Raw monkfish,138
29113,Raw moonlight antelope,1
7168,Raw mud pie,16
24782,Raw mystery meat,1
2337,Raw oomlie,6
349,Raw pike,12
29110,Raw pyre fox,1
3226,Raw rabbit,12
10138,Raw rainbow fish,72
2134,Raw rat meat,1
331,Raw salmon,18
327,Raw sardine,6
395,Raw sea turtle,120
383,Raw shark,102
317,Raw shrimps,3
3379,Raw slimy eel,1
7216,Raw summer pie,42
29116,Raw sunlight antelope,1
371,Raw swordfish,48
335,Raw trout,6
359,Raw tuna,24
1859,Raw ugthanki meat,1
29104,Raw wild kebbit,1
7206,Raw wild pie,54
10816,Raw yak meat,1
1470,Red bead,2
12247,Red beret,48
7319,Red boater,135
2904,Red boots,300
1007,Red cape,1
12323,Red cavalier,120
10034,Red chinchompa,96
2501,Red d'hide body,6738
12327,Red d'hide body (g),6738
12331,Red d'hide body (t),6738
2495,Red d'hide chaps,3108
12329,Red d'hide chaps (g),3108
12333,Red d'hide chaps (t),3108
22281,Red d'hide shield,6600
2489,Red d'hide vambraces,2160
2507,Red dragon leather,54
12522,Red dragon mask,6000
1749,Red dragonhide,87
12869,Red dragonhide set,3000
1763,Red dye,3
10424,Red elegant blouse,1200
10406,Red elegant legs,1200
10404,Red elegant shirt,1200
10426,Red elegant skirt,1200
10088,Red feather,6
7329,Red firelighter,9
2462,Red flowers,60
2912,Red gloves,300
1057,Red halloween mask,9
2910,Red hat,300
2645,Red headband,24
1038,Red partyhat,1
2908,Red robe bottoms,300
2906,Red robe top,300
10147,Red salamander,90
223,Red spiders' eggs,4
10083,Red spiky vambraces,2160
1613,Red topaz,120
6317,Red topaz machete,1200
1951,Redberries,1
2325,Redberry pie,7
5101,Redberry seed,2
22204,Redwood bird house,3
19669,Redwood logs,270
19672,Redwood pyre logs,537
22859,Redwood sapling,1
22266,Redwood shield,768
22871,Redwood tree seed,390
11133,Regen bracelet,121200
4848,Relicym's balm(1),45
4846,Relicym's balm(2),90
4844,Relicym's balm(3),120
4842,Relicym's balm(4),135
11439,Relicym's mix(1),45
11437,Relicym's mix(2),90
11451,Restore mix(1),26
11449,Restore mix(2),39
131,Restore potion(1),26
129,Restore potion(2),39
127,Restore potion(3),52
2430,Restore potion(4),66
21802,Revenant cave teleport,6
21820,Revenant ether,150
6165,Ribcage piece,36
1025,Right eye patch,1
1592,Ring mould,3
23185,Ring of 3rd age,7200
20017,Ring of coins,4800
2552,Ring of dueling(8),765
24844,Ring of endurance (uncharged),38400
2568,Ring of forging,1215
2570,Ring of life,2115
20005,Ring of nature,4800
21126,Ring of pursuit,630
2550,Ring of recoil,540
21129,Ring of returning(5),765
6583,Ring of stone,121200
19550,Ring of suffering,120600
26815,Ring of the elements,1
12601,Ring of the gods,30000
2572,Ring of wealth,10575
11980,Ring of wealth (5),10575
12783,Ring of wealth scroll,3000
28154,Ritual mulch,1
3400,Riyl remains,1
9988,Roast beast meat,15
9980,Roast bird meat,10
7223,Roast rabbit,12
20137,Robe bottom of darkness,48000
20131,Robe top of darkness,72000
2581,Robin hood hat,270
4162,Rock hammer,300
21754,Rock thrownhammer,120
2203,Rock-climbing boots,1
6145,Rock-shell boots,390
6157,Rock-shell chunk,36
6151,Rock-shell gloves,390
6128,Rock-shell helm,21120
6130,Rock-shell legs,38400
6129,Rock-shell plate,39000
6159,Rock-shell shard,36
6161,Rock-shell splinter,36
8500,Rocking chair (flatpack),6
11324,Roe,12
7445,Rolling pin,8640
954,Rope,10
6014,Rosemary,1
5097,Rosemary seed,2
12397,Royal crown,3600
12395,Royal gown bottom,3000
12393,Royal gown top,3000
12439,Royal sceptre,3000
1603,Ruby,600
1698,Ruby amulet,1215
1679,Ruby amulet (u),1215
9191,Ruby bolt tips,40
9339,Ruby bolts,75
9242,Ruby bolts (e),82
11085,Ruby bracelet,1395
21967,Ruby dragon bolts,480
21944,Ruby dragon bolts (e),498
10020,Ruby harvest (item),10
29204,Ruby harvest mix (1),10
29186,Ruby harvest mix (2),10
1660,Ruby necklace,1305
1641,Ruby ring,1215
28896,Rum,3
1319,Rune 2h sword,38400
13024,Rune armour set (lg),45000
13026,Rune armour set (sk),45000
892,Rune arrow,240
893,Rune arrow(p),240
5621,Rune arrow(p+),240
5627,Rune arrow(p++),240
44,Rune arrowtips,120
1359,Rune axe,7680
1373,Rune battleaxe,24960
4131,Rune boots,7500
4803,Rune brutal,270
12379,Rune cane,8640
1113,Rune chainbody,30000
3101,Rune claws,7200
9185,Rune crossbow,9720
1213,Rune dagger,4800
1229,Rune dagger(p),4800
5678,Rune dagger(p+),4800
5696,Rune dagger(p++),4800
811,Rune dart,210
824,Rune dart tip,105
817,Rune dart(p),210
5634,Rune dart(p+),210
5641,Rune dart(p++),210
23227,Rune defender ornament kit,3000
23273,Rune dragon mask,6000
1436,Rune essence,2
28214,Rune felling axe,7680
1163,Rune full helm,21120
2619,Rune full helm (g),21120
2627,Rune full helm (t),21120
13032,Rune gold-trimmed set (lg),48000
13034,Rune gold-trimmed set (sk),48000
3202,Rune halberd,38400
11377,Rune hasta,12480
11414,Rune hasta(p),12480
11417,Rune hasta(p+),12480
11419,Rune hasta(p++),12480
10286,Rune helm (h1),21120
10288,Rune helm (h2),21120
10290,Rune helm (h3),21120
10292,Rune helm (h4),21120
10294,Rune helm (h5),21120
830,Rune javelin,240
19580,Rune javelin heads,810
836,Rune javelin(p),240
5647,Rune javelin(p+),240
5653,Rune javelin(p++),240
1201,Rune kiteshield,32640
2621,Rune kiteshield (g),32640
2629,Rune kiteshield (t),32640
868,Rune knife,100
876,Rune knife(p),99
5660,Rune knife(p+),99
5667,Rune knife(p++),99
1303,Rune longsword,19200
1432,Rune mace,8640
1147,Rune med helm,11520
4824,Rune nails,132
1275,Rune pickaxe,19200
1127,Rune platebody,39000
2615,Rune platebody (g),39000
23209,Rune platebody (h1),39000
23212,Rune platebody (h2),39000
23215,Rune platebody (h3),39000
23218,Rune platebody (h4),39000
23221,Rune platebody (h5),39000
2623,Rune platebody (t),39000
1079,Rune platelegs,38400
2617,Rune platelegs (g),38400
2625,Rune platelegs (t),38400
1093,Rune plateskirt,38400
3476,Rune plateskirt (g),38400
3477,Rune plateskirt (t),38400
24587,Rune pouch note,1
1333,Rune scimitar,15360
23321,Rune scimitar ornament kit (guthix),3000
23324,Rune scimitar ornament kit (saradomin),3000
23327,Rune scimitar ornament kit (zamorak),3000
7336,Rune shield (h1),32640
7342,Rune shield (h2),32640
7348,Rune shield (h3),32640
7354,Rune shield (h4),32640
7360,Rune shield (h5),32640
1247,Rune spear,12480
1261,Rune spear(p),12480
5714,Rune spear(p+),12480
5728,Rune spear(p++),12480
1185,Rune sq shield,23040
1289,Rune sword,12480
805,Rune thrownaxe,264
13028,Rune trimmed set (lg),48000
13030,Rune trimmed set (sk),48000
1347,Rune warhammer,24900
25481,Runescroll of bloodbark,360
25478,Runescroll of swampbark,240
2363,Runite bar,3000
9144,Runite bolts,180
9291,Runite bolts (p),180
9298,Runite bolts (p+),180
9305,Runite bolts (p++),180
9381,Runite bolts (unf),1
9465,Runite crossbow (u),9700
9431,Runite limbs,9600
451,Runite ore,1920
3436,Sacred oil(1),36
3434,Sacred oil(2),45
3432,Sacred oil(3),54
3430,Sacred oil(4),60
12337,Sagacious spectacles,840
329,Salmon,18
13421,Saltpetre,3
19619,Salve graveyard teleport (tablet),1
20047,Samurai boots,2700
20041,Samurai gloves,1920
20044,Samurai greaves,1920
20035,Samurai kasa,2400
20038,Samurai shirt,4200
6977,Sandstone (10kg),1
6971,Sandstone (1kg),1
6973,Sandstone (2kg),1
6975,Sandstone (5kg),1
23318,Sandwich lady bottom,180
23312,Sandwich lady hat,120
23315,Sandwich lady top,300
13431,Sandworms,54
10931,Sanfew serum(1),72
10929,Sanfew serum(2),108
10927,Sanfew serum(3),144
10925,Sanfew serum(4),180
22481,Sanguinesti staff (uncharged),3000000
1050,Santa hat,96
1607,Sapphire,150
1694,Sapphire amulet,540
1675,Sapphire amulet (u),540
9189,Sapphire bolt tips,10
9337,Sapphire bolts,22
9240,Sapphire bolts (e),24
11072,Sapphire bracelet,690
21963,Sapphire dragon bolts,450
21940,Sapphire dragon bolts (e),468
10018,Sapphire glacialis (item),18
29198,Sapphire glacialis mix (1),18
29180,Sapphire glacialis mix (2),18
1656,Sapphire necklace,630
1637,Sapphire ring,540
23528,Sarachnis cudgel,72000
13040,Saradomin armour set (lg),48000
13042,Saradomin armour set (sk),48000
10384,Saradomin bracers,2400
6691,Saradomin brew(1),75
6689,Saradomin brew(2),90
6687,Saradomin brew(3),105
6685,Saradomin brew(4),120
10388,Saradomin chaps,3600
10446,Saradomin cloak,1200
10390,Saradomin coif,1200
10440,Saradomin crozier,3000
10386,Saradomin d'hide body,7800
19933,Saradomin d'hide boots,5580
23191,Saradomin d'hide shield,17000
13163,Saradomin dragonhide set,5400
2665,Saradomin full helm,21120
11806,Saradomin godsword,750000
20074,Saradomin godsword ornament kit,3000
11814,Saradomin hilt,300000
2667,Saradomin kiteshield,32640
10452,Saradomin mitre,3000
6762,Saradomin mjolnir,375
3827,Saradomin page 1,120
3828,Saradomin page 2,120
3829,Saradomin page 3,120
3830,Saradomin page 4,120
2661,Saradomin platebody,39000
2663,Saradomin platelegs,38400
3479,Saradomin plateskirt,38400
10464,Saradomin robe legs,4200
10458,Saradomin robe top,4200
10470,Saradomin stole,1500
11838,Saradomin sword,78000
13256,Saradomin's light,20760
12804,Saradomin's tear,24000
325,Sardine,6
27641,Saturated heart,1
8794,Saw,6
28628,Sawmill voucher,1
27897,Scaly blue dragonhide,1
7078,Scrambled egg,4
22486,Scythe of vitur (uncharged),2400000
397,Sea turtle,120
28931,Searing page,120
1552,Seasoned sardine,6
401,Seaweed,1
21490,Seaweed spore,12
5329,Secateurs,3
28161,Secateurs attachment,1
28159,Secateurs blade,1
9003,Security book,1
5343,Seed dibber,3
6724,Seercull,4800
28304,Seers icon,1
6731,Seers ring,6000
12782,Senntisten teleport (tablet),1
12929,Serpentine helm (uncharged),66000
12927,Serpentine visage,63000
3414,Serum 207 (1),6
3412,Serum 207 (2),7
3410,Serum 207 (3),7
3408,Serum 207 (4),8
548,Shade robe,18
546,Shade robe top,24
3123,Shaikahan bones,1
21838,Shaman mask,4800
1854,Shantay pass (item),3
385,Shark,102
26424,Shattered banner,1
26436,Shattered boots (t1),1
26448,Shattered boots (t2),1
26460,Shattered boots (t3),1
26517,Shattered cane,1
26528,Shattered cannon ornament kit,1
26427,Shattered hood (t1),1
26439,Shattered hood (t2),1
26451,Shattered hood (t3),1
26554,Shattered relic hunter (t1) armour set,1
26557,Shattered relic hunter (t2) armour set,1
26560,Shattered relic hunter (t3) armour set,1
26541,Shattered relics mystic ornament kit,1
26421,Shattered relics variety ornament kit,1
26479,Shattered relics void ornament kit,1
26500,Shattered teleport scroll,1
26430,Shattered top (t1),1
26442,Shattered top (t2),1
26454,Shattered top (t3),1
26433,Shattered trousers (t1),1
26445,Shattered trousers (t2),1
26457,Shattered trousers (t3),1
8596,Shaving stand (flatpack),6
20263,Shayzien banner,42
20125,Shayzien hood,1
19955,Shayzien scarf,6000
1735,Shears,1
2366,Shield left half,66000
2368,Shield right half,300000
621,Ship ticket,3
5030,Shirt (brown),270
5034,Shirt (lilac),375
5032,Shirt (yellow),360
8610,Shoe box (flatpack),6
2080,Short green guy,18
841,Shortbow,30
50,Shortbow (u),13
5046,Shorts (blue),234
5042,Shorts (brown),168
5044,Shorts (yellow),216
23300,Shoulder parrot,600
315,Shrimps,3
11205,Shrunk ogleroot,1
2976,Sickle mould,6
29664,Sigil of adroit,1
26132,Sigil of aggression,1
29679,Sigil of arcane swiftness,1
26009,Sigil of barrows,1
26066,Sigil of binding,1
25994,Sigil of consistency,1
29658,Sigil of deception,1
26012,Sigil of deft strikes,1
26099,Sigil of devotion,1
26018,Sigil of enhanced harvest,1
26069,Sigil of escaping,1
26057,Sigil of exaggeration,1
26126,Sigil of finality,1
26006,Sigil of fortification,1
26015,Sigil of freedom,1
26105,Sigil of garments,1
29676,Sigil of gunslinger,1
26144,Sigil of last recall,1
29661,Sigil of lithe,1
29649,Sigil of meticulousness,1
26054,Sigil of mobility,1
26096,Sigil of nature,1
29667,Sigil of onslaught,1
26129,Sigil of pious protection,1
26123,Sigil of preservation,1
26081,Sigil of prosperity,1
26135,Sigil of rampage,1
29655,Sigil of rampart,1
26141,Sigil of remote storage,1
25991,Sigil of resilience,1
29670,Sigil of restoration,1
29652,Sigil of revoked limitation,1
26108,Sigil of slaughter,1
26060,Sigil of specialised strikes,1
26042,Sigil of stamina,1
26021,Sigil of storage,1
26120,Sigil of supreme stamina,1
29673,Sigil of swashbuckler,1
26039,Sigil of the abyss,1
26027,Sigil of the alchemist,1
26090,Sigil of the barbarians,1
26033,Sigil of the chef,1
26036,Sigil of the craftsman,1
26084,Sigil of the dwarves,1
26087,Sigil of the elves,1
26048,Sigil of the eternal jeweller,1
26075,Sigil of the feral fighter,1
26030,Sigil of the fletcher,1
26102,Sigil of the forager,1
25997,Sigil of the formidable fighter,1
26111,Sigil of the fortune farmer,1
26093,Sigil of the gnomes,1
26147,Sigil of the guardian angel,1
26078,Sigil of the menacing mage,1
26003,Sigil of the meticulous mage,1
26063,Sigil of the porcupine,1
26045,Sigil of the potion master,1
26000,Sigil of the rigorous ranger,1
26072,Sigil of the ruthless ranger,1
26117,Sigil of the serpent,1
26138,Sigil of the skiller,1
26024,Sigil of the smith,1
26051,Sigil of the treasure hunter,1
26114,Sigil of versatility,1
950,Silk,18
2355,Silver bar,90
9145,Silver bolts,3
9292,Silver bolts (p),3
9299,Silver bolts (p+),3
9306,Silver bolts (p++),3
9382,Silver bolts (unf),1
7650,Silver dust,120
25451,Silver locks,11520
442,Silver ore,45
2961,Silver sickle,105
9436,Sinew,1
993,Sinister key,48
6147,Skeletal boots,390
6141,Skeletal bottoms,24000
6153,Skeletal gloves,390
6137,Skeletal helm,6000
6139,Skeletal top,27000
22006,Skeletal visage,900000
7443,Skewer,1920
6305,Skewer stick,6
11113,Skills necklace,12120
11105,Skills necklace(4),12120
11968,Skills necklace(6),12120
5052,Skirt (blue),375
5048,Skirt (brown),210
5050,Skirt (lilac),330
27673,Skull of vet'ion,48000
6163,Skull piece,36
10952,Slayer bell,90
21257,Slayer's enchantment,720
5759,Slayer's respite,1
5841,Slayer's respite(4),1
5761,Slayer's respite(m),1
5921,Slayer's respite(m4),1
4170,Slayer's staff,12600
10398,Sleeping cap,1200
3162,Sliced banana,1
7080,Sliced mushrooms,25
8441,Small box hedge (bagged),9000
303,Small fishing net,3
11998,Smoke battlestaff,9300
4697,Smoke rune,12
13233,Smouldering stone,27000
6287,Snake hide,21
7801,Snake hide (swamp),21
6289,Snakeskin,30
6326,Snakeskin bandana,180
6322,Snakeskin body,750
6328,Snakeskin boots,150
6324,Snakeskin chaps,705
22272,Snakeskin shield,552
6330,Snakeskin vambraces,260
3000,Snapdragon,35
3004,Snapdragon potion (unf),35
5300,Snapdragon seed,36
231,Snape grass,6
22879,Snape grass seed,56
10016,Snowy knight (item),30
29201,Snowy knight mix (1),30
29183,Snowy knight mix (2),30
25578,Soaked page,102
1781,Soda ash,1
1761,Soft clay,1
30068,Soiled page,120
566,Soul rune,180
28338,Soulreaper axe,1
952,Spade,1
7439,Spatula,1152
12823,Spectral sigil,450000
12821,Spectral spirit shield,1200000
2007,Spice,138
2213,Spicy crunchies,1
9996,Spicy minced meat,4
7072,Spicy sauce,5
9994,Spicy tomato,1
6291,Spider carcass,9
29782,Spider cave teleport,6
6299,Spider on shaft,24
6297,Spider on stick,30
3107,Spiked boots,18
23389,Spiked manacles,1500
10077,Spiky vambraces,96
1969,Spinach roll,1
6133,Spined body,4680
6143,Spined boots,390
6135,Spined chaps,2340
6149,Spined gloves,390
6131,Spined helm,36000
4551,Spiny helmet,390
12829,Spirit shield,42000
10812,Split log,54
3387,Splitbark body,27000
3393,Splitbark boots,3000
3391,Splitbark gauntlets,3000
3385,Splitbark helm,6000
3389,Splitbark legs,24000
7437,Spork,195
10069,Spotted cape,240
10125,Spotted kebbit fur,90
10071,Spottier cape,480
1379,Staff,9
1381,Staff of air,900
24144,Staff of balance,1
23363,Staff of bob the cat,900
1385,Staff of earth,900
1387,Staff of fire,900
22296,Staff of light,600003
11791,Staff of the dead,600003
1383,Staff of water,900
20590,Stale baguette,135
12635,Stamina mix(1),54
12633,Stamina mix(2),96
12631,Stamina potion(1),60
12629,Stamina potion(2),120
12627,Stamina potion(3),180
12625,Stamina potion(4),240
22622,Statius's warhammer,180000
11787,Steam battlestaff,10200
4694,Steam rune,12
12798,Steam staff upgrade kit,900
29412,Steamforge brew,4
1311,Steel 2h sword,600
886,Steel arrow,7
887,Steel arrow(p),7
5618,Steel arrow(p+),7
5624,Steel arrow(p++),7
41,Steel arrowtips,3
1353,Steel axe,120
2353,Steel bar,60
1365,Steel battleaxe,390
9141,Steel bolts,4
9288,Steel bolts (p),4
9295,Steel bolts (p+),4
9302,Steel bolts (p++),4
9378,Steel bolts (unf),1
4123,Steel boots,180
4783,Steel brutal,12
1105,Steel chainbody,450
3097,Steel claws,105
9179,Steel crossbow,216
9459,Steel crossbow (u),196
1207,Steel dagger,75
1223,Steel dagger(p),75
5672,Steel dagger(p+),75
5690,Steel dagger(p++),75
808,Steel dart,6
821,Steel dart tip,3
814,Steel dart(p),6
5630,Steel dart(p+),6
5637,Steel dart(p++),6
12367,Steel dragon mask,6000
28202,Steel felling axe,120
1157,Steel full helm,330
20178,Steel full helm (g),330
20193,Steel full helm (t),330
20382,Steel gold-trimmed set (lg),540
20385,Steel gold-trimmed set (sk),540
3194,Steel halberd,600
11371,Steel hasta,195
11393,Steel hasta(p),195
11396,Steel hasta(p+),195
11398,Steel hasta(p++),195
827,Steel javelin,14
19574,Steel javelin heads,54
833,Steel javelin(p),14
5644,Steel javelin(p+),14
5650,Steel javelin(p++),14
1193,Steel kiteshield,510
20181,Steel kiteshield (g),510
20196,Steel kiteshield (t),510
865,Steel knife,6
872,Steel knife(p),6
5656,Steel knife(p+),6
5663,Steel knife(p++),6
9425,Steel limbs,150
25445,Steel locks,960
1295,Steel longsword,300
1424,Steel mace,135
1141,Steel med helm,180
1539,Steel nails,1
1269,Steel pickaxe,300
1119,Steel platebody,1200
20169,Steel platebody (g),1200
20184,Steel platebody (t),1200
1069,Steel platelegs,600
20172,Steel platelegs (g),600
20187,Steel platelegs (t),600
1083,Steel plateskirt,600
20175,Steel plateskirt (g),600
20190,Steel plateskirt (t),600
1325,Steel scimitar,240
12984,Steel set (lg),840
12986,Steel set (sk),840
1241,Steel spear,195
1255,Steel spear(p),195
5708,Steel spear(p+),195
5722,Steel spear(p++),195
1177,Steel sq shield,360
2370,Steel studs,90
1281,Steel sword,195
802,Steel thrownaxe,15
20376,Steel trimmed set (lg),540
20379,Steel trimmed set (sk),540
1339,Steel warhammer,384
2003,Stew,12
30679,Stockpiling charm,1
9030,Stone scarab,12
9042,Stone seal,12
9038,Stone statuette,12
22601,Stony basalt,54
464,Strange fruit,1
24740,Strange old lockpick (full),1
5406,Strawberries(5),1
5504,Strawberry,10
5323,Strawberry seed,10
10364,Strength amulet (t),1215
11441,Strength mix(1),6
11443,Strength mix(2),7
119,Strength potion(1),6
117,Strength potion(2),7
115,Strength potion(3),7
113,Strength potion(4),8
6173,Stretched hide,36
10087,Stripy feather,12
7110,Stripy pirate shirt (beige),180
7128,Stripy pirate shirt (blue),180
7134,Stripy pirate shirt (brown),180
7122,Stripy pirate shirt (red),180
9004,Stronghold notes,1
10132,Strung rabbit foot,18
1133,Studded body,510
7362,Studded body (g),510
7364,Studded body (t),510
1097,Studded chaps,450
7366,Studded chaps (g),450
7368,Studded chaps (t),450
28149,Sturdy harness,1
21626,Sulliuscep cap,1
29084,Sulphur blades,18000
7218,Summer pie,84
29421,Sun-shine,60
29409,Sunbeam ale,4
29424,Sunfire fanatic armour set,33000
28939,Sunfire fanatic chausses,12000
28936,Sunfire fanatic cuirass,12000
28933,Sunfire fanatic helm,9000
28929,Sunfire rune,12
28924,Sunfire splinters,60
29168,Sunlight antelope antler,1
29177,Sunlight antelope fur,6
28872,Sunlight antler bolts,18
28890,Sunlight moth (item),1
29210,Sunlight moth mix (1),18
29192,Sunlight moth mix (2),18
21997,Super antifire mix(1),79
21994,Super antifire mix(2),118
21987,Super antifire potion(1),408
21984,Super antifire potion(2),432
21981,Super antifire potion(3),456
21978,Super antifire potion(4),480
149,Super attack(1),54
147,Super attack(2),81
145,Super attack(3),108
2436,Super attack(4),135
12701,Super combat potion(1),24
12699,Super combat potion(2),54
12697,Super combat potion(3),102
12695,Super combat potion(4),150
11499,Super def. mix(1),79
11497,Super def. mix(2),118
167,Super defence(1),79
165,Super defence(2),118
163,Super defence(3),158
2442,Super defence(4),198
11483,Super energy mix(1),54
11481,Super energy mix(2),96
3022,Super energy(1),54
3020,Super energy(2),96
3018,Super energy(3),138
3016,Super energy(4),180
4608,Super kebab,1
13066,Super potion set,60
11495,Super restore mix(1),72
11493,Super restore mix(2),108
3030,Super restore(1),72
3028,Super restore(2),108
3026,Super restore(3),144
3024,Super restore(4),180
11487,Super str. mix(1),66
11485,Super str. mix(2),99
161,Super strength(1),66
159,Super strength(2),99
157,Super strength(3),132
2440,Super strength(4),165
185,Superantipoison(1),86
183,Superantipoison(2),129
181,Superantipoison(3),172
2448,Superantipoison(4),216
11471,Superattack mix(1),54
11469,Superattack mix(2),81
6034,Supercompost,51
22124,Superior dragon bones,96
10149,Swamp lizard,30
1941,Swamp paste,18
1939,Swamp tar,1
2150,Swamp toad (item),1
10978,Swamp weed,1
25389,Swampbark body,1
25395,Swampbark boots,1
25392,Swampbark gauntlets,6000
25398,Swampbark helm,1
25401,Swampbark legs,1
5986,Sweetcorn,5
7088,Sweetcorn (bowl),7
5320,Sweetcorn seed,4
24219,Swift blade,1
373,Swordfish,48
12409,Tai bwo wannai teleport,6
8449,Tall box hedge (bagged),60000
8447,Tall fancy hedge (bagged),30000
2639,Tan cavalier,120
2187,Tangled toad's legs,1
12922,Tanzanite fang,66000
24336,Target teleport,1
12846,Target teleport scroll,18000
253,Tarromin,6
95,Tarromin potion (unf),6
5293,Tarromin seed,1
10144,Tarromin tar,1
10097,Tatty graahk fur,54
10101,Tatty kyatt fur,72
10093,Tatty larupia fur,36
22593,Te salt,6
6912,Teacher wand,1200
8506,Teak armchair (flatpack),6
9860,Teak armour case (flatpack),6
8582,Teak bed (flatpack),6
21521,Teak bird house,3
9844,Teak cape rack (flatpack),6
8592,Teak clock (flatpack),6
8568,Teak dining bench (flatpack),6
8616,Teak drawers (flatpack),6
8602,Teak dresser (flatpack),6
9866,Teak fancy dress box (flatpack),6
8532,Teak kitchen table (flatpack),6
6333,Teak logs,18
9854,Teak magic wardrobe (flatpack),6
8780,Teak plank,300
6211,Teak pyre logs,60
21477,Teak sapling,1
21486,Teak seed,28
9446,Teak stock,46
8554,Teak table (flatpack),6
9850,Teak toy box (flatpack),6
9863,Teak treasure chest (flatpack),6
8618,Teak wardrobe (flatpack),6
2924,Teal boots,300
2932,Teal gloves,300
2930,Teal hat,300
2928,Teal robe bottoms,300
2926,Teal robe top,300
20217,Team cape i,30
20214,Team cape x,30
20211,Team cape zero,30
4315,Team-1 cape,30
4333,Team-10 cape,30
4335,Team-11 cape,30
4337,Team-12 cape,30
4339,Team-13 cape,30
4341,Team-14 cape,30
4343,Team-15 cape,30
4345,Team-16 cape,30
4347,Team-17 cape,30
4349,Team-18 cape,30
4351,Team-19 cape,30
4317,Team-2 cape,30
4353,Team-20 cape,30
4355,Team-21 cape,30
4357,Team-22 cape,30
4359,Team-23 cape,30
4361,Team-24 cape,30
4363,Team-25 cape,30
4365,Team-26 cape,30
4367,Team-27 cape,30
4369,Team-28 cape,30
4371,Team-29 cape,30
4319,Team-3 cape,30
4373,Team-30 cape,30
4375,Team-31 cape,30
4377,Team-32 cape,30
4379,Team-33 cape,30
4381,Team-34 cape,30
4383,Team-35 cape,30
4385,Team-36 cape,30
4387,Team-37 cape,30
4389,Team-38 cape,30
4391,Team-39 cape,30
4321,Team-4 cape,30
4393,Team-40 cape,30
4395,Team-41 cape,30
4397,Team-42 cape,30
4399,Team-43 cape,30
4401,Team-44 cape,30
4403,Team-45 cape,30
4405,Team-46 cape,30
4407,Team-47 cape,30
4409,Team-48 cape,30
4411,Team-49 cape,30
4323,Team-5 cape,30
4413,Team-50 cape,30
4325,Team-6 cape,30
4327,Team-7 cape,30
4329,Team-8 cape,30
4331,Team-9 cape,30
10029,Teasing stick,30
28834,Tecu salamander,120
29455,Teleport anchoring scroll,1
8013,Teleport to house (tablet),1
27785,Thammaron's sceptre (au),1
22552,Thammaron's sceptre (u),72000
6285,Thatch spar dense,12
6281,Thatch spar light,6
6283,Thatch spar med,9
23224,Thieving bag,600
3363,Thin snail,3
3369,Thin snail meat,6
8437,Thorny hedge (bagged),3000
1734,Thread,1
5525,Tiara,60
5523,Tiara mould,60
8837,Timber beam,1
438,Tin ore,1
590,Tinderbox,1
2255,Toad batta,1
2217,Toad crunchies,1
2152,Toad's legs,1
2998,Toadflax,28
3002,Toadflax potion (unf),28
5296,Toadflax seed,6
6524,Toktz-ket-xil,27000
6526,Toktz-mej-tal,21000
6523,Toktz-xil-ak,24000
6525,Toktz-xil-ek,15000
6522,Toktz-xil-ul,150
1982,Tomato,2
5322,Tomato seed,2
5968,Tomatoes(5),1
30066,Tome of earth (empty),12000
20716,Tome of fire (empty),12000
25576,Tome of water (empty),11700
28919,Tonalztics of ralos (uncharged),90000
29958,Tonameyo white,360
985,Tooth half of key,60
12432,Top hat,1080
12434,Top hat & monocle,2400
21114,Topaz amulet,750
21105,Topaz amulet (u),765
9188,Topaz bolt tips,7
9336,Topaz bolts,13
9239,Topaz bolts (e),14
21123,Topaz bracelet,900
21961,Topaz dragon bolts,420
21938,Topaz dragon bolts (e),438
21096,Topaz necklace,855
21087,Topaz ring,855
8443,Topiary hedge (bagged),12000
12879,Torag's armour set,240000
4747,Torag's hammers,96000
4962,Torag's hammers 0,96000
4745,Torag's helm,61800
4956,Torag's helm 0,61800
4749,Torag's platebody,168000
4968,Torag's platebody 0,168000
4751,Torag's platelegs,165000
4974,Torag's platelegs 0,165000
19544,Tormented bracelet,120600
23348,Tormented ornament kit,3000
29580,Tormented synapse,1
21047,Torn prayer scroll,48000
269,Torstol,45
111,Torstol potion (unf),15
5304,Torstol seed,42
7939,Tortoise shell,600
20062,Torture ornament kit,3000
26382,Torva full helm,120000
26376,Torva full helm (damaged),120000
26384,Torva platebody,360000
26378,Torva platebody (damaged),360000
26386,Torva platelegs,240000
26380,Torva platelegs (damaged),240000
12924,Toxic blowpipe (empty),72000
12902,Toxic staff (uncharged),600003
7771,Toy cat,6
7763,Toy doll,6
7765,Toy doll (wound),6
7767,Toy mouse,6
7769,Toy mouse (wound),6
7759,Toy soldier,6
7761,Toy soldier (wound),6
6306,Trading sticks,1
25056,Trailblazer banner,600
25037,Trailblazer boots (t1),9000
25025,Trailblazer boots (t2),9000
25010,Trailblazer boots (t3),90000
25013,Trailblazer cane,90000
25093,Trailblazer globe,24000
25099,Trailblazer graceful ornament kit,15000
25028,Trailblazer hood (t1),9000
25016,Trailblazer hood (t2),9000
25001,Trailblazer hood (t3),90000
25380,Trailblazer relic hunter (t1) armour set,30000
25383,Trailblazer relic hunter (t2) armour set,30000
25386,Trailblazer relic hunter (t3) armour set,30000
28693,Trailblazer reloaded alchemy scroll,15000
28702,Trailblazer reloaded banner,600
28690,Trailblazer reloaded blowpipe ornament kit,3000
28721,Trailblazer reloaded boots (t1),9000
28733,Trailblazer reloaded boots (t2),9000
28745,Trailblazer reloaded boots (t3),9000
28684,Trailblazer reloaded bulwark ornament kit,3000
28699,Trailblazer reloaded death scroll,15000
28712,Trailblazer reloaded headband (t1),9000
28724,Trailblazer reloaded headband (t2),9000
28736,Trailblazer reloaded headband (t3),9000
28705,Trailblazer reloaded home teleport scroll,15000
28708,Trailblazer reloaded rejuvenation pool scroll,15000
28777,Trailblazer reloaded relic hunter (t1) armour set,30000
28780,Trailblazer reloaded relic hunter (t2) armour set,30000
28783,Trailblazer reloaded relic hunter (t3) armour set,30000
28715,Trailblazer reloaded top (t1),9000
28727,Trailblazer reloaded top (t2),9000
28739,Trailblazer reloaded top (t3),9000
28748,Trailblazer reloaded torch,9000
28718,Trailblazer reloaded trousers (t1),9000
28730,Trailblazer reloaded trousers (t2),9000
28742,Trailblazer reloaded trousers (t3),9000
28696,Trailblazer reloaded vengeance scroll,15000
25096,Trailblazer rug,30000
25087,Trailblazer teleport scroll,15000
25090,Trailblazer tool ornament kit,15000
25031,Trailblazer top (t1),9000
25019,Trailblazer top (t2),9000
25004,Trailblazer top (t3),90000
25034,Trailblazer trousers (t1),9000
25022,Trailblazer trousers (t2),9000
25007,Trailblazer trousers (t3),90000
29277,Trapper's tipple,1
12605,Treasonous ring,30000
6962,Triangle sandwich,15
6339,Tribal mask (combat),300
6337,Tribal mask (disease),300
6335,Tribal mask (poison),300
6351,Tribal top (blue),180
6341,Tribal top (brown),180
6371,Tribal top (pink),180
6361,Tribal top (yellow),180
11905,Trident of the seas (full),41400
28567,Trinket of advanced weaponry,1
28564,Trinket of fairies,1
28570,Trinket of undead,1
28561,Trinket of vengeance,1
5040,Trousers (blue),450
5036,Trousers (brown),330
5038,Trousers (lilac),420
333,Trout,6
24187,Trouver parchment,1
27277,Tumeken's shadow (uncharged),1
361,Tuna,24
7068,Tuna and corn,67
7060,Tuna potato,67
634,Turquoise boots,120
664,Turquoise hat,96
654,Turquoise robe bottoms,108
644,Turquoise robe top,108
30634,Twinflame staff,1
24413,Twisted banner,600
24463,Twisted blueprints,15000
24411,Twisted boots (t1),600
24403,Twisted boots (t2),6000
24393,Twisted boots (t3),60000
20997,Twisted bow,2400000
21000,Twisted buckler,54000
24395,Twisted cane,600
24407,Twisted coat (t1),600
24399,Twisted coat (t2),6000
24389,Twisted coat (t3),60000
24405,Twisted hat (t1),600
24397,Twisted hat (t2),6000
24387,Twisted hat (t3),60000
24466,Twisted horns,60000
24469,Twisted relic hunter (t1) armour set,30000
24472,Twisted relic hunter (t2) armour set,30000
24475,Twisted relic hunter (t3) armour set,30000
24460,Twisted teleport scroll,15000
24409,Twisted trousers (t1),600
24401,Twisted trousers (t2),6000
24391,Twisted trousers (t3),60000
12603,Tyrannical ring,30000
9629,Tyras helm,330
6527,Tzhaar-ket-em,18000
6528,Tzhaar-ket-om,30000
23232,Tzhaar-ket-om ornament kit,3000
1877,Ugthanki & onion,4
1879,Ugthanki & tomato,4
1885,Ugthanki kebab,12
1861,Ugthanki meat,3
28307,Ultor ring,1
21483,Ultracompost,51
1716,Unblessed symbol,120
12900,Uncharged toxic trident,46800
22294,Uncharged toxic trident (e),64800
11908,Uncharged trident,40800
22290,Uncharged trident (e),58800
2317,Uncooked apple pie,9
2321,Uncooked berry pie,3
19656,Uncooked botanical pie,9
22789,Uncooked dragonfruit pie,24
7076,Uncooked egg,4
2319,Uncooked meat pie,4
21684,Uncooked mushroom pie,9
1617,Uncut diamond,120
1631,Uncut dragonstone,600
1621,Uncut emerald,30
1627,Uncut jade,18
6571,Uncut onyx,120000
1625,Uncut opal,12
1629,Uncut red topaz,24
1619,Uncut ruby,60
1623,Uncut sapphire,15
19496,Uncut zenyte,45000
11876,Unfinished broad bolts,33
3406,Unfinished potion,6
1791,Unfired bowl,1
28193,Unfired cup,1
1789,Unfired pie dish,1
5352,Unfired plant pot,1
1787,Unfired pot,1
4438,Unfired pot lid,6
20223,Unholy blessing,48
13151,Unholy book page set,4200
1724,Unholy symbol,120
237,Unicorn horn,12
235,Unicorn horn dust,12
7051,Unlit bug lantern,78
596,Unlit torch,2
567,Unpowered orb,60
1722,Unpowered symbol,120
4825,Unstrung comp bow,54
1720,Unstrung emblem,120
19607,Unstrung heavy ballista,30000
19604,Unstrung light ballista,30000
1714,Unstrung symbol,120
23255,Uri's hat,600
25419,Urium remains,1
27657,Ursine chainmace (u),1
22597,Urt salt,6
3325,Vampyre dust,1
29900,Varlamorian kebab,1
8007,Varrock teleport (tablet),1
2195,Veg ball,1
2281,Vegetable batta,1
27612,Venator bow (uncharged),1
28310,Venator ring,1
27614,Venator shard,1
12875,Verac's armour set,240000
4757,Verac's brassard,168000
4992,Verac's brassard 0,168000
4755,Verac's flail,96000
4986,Verac's flail 0,96000
4753,Verac's helm,61800
4980,Verac's helm 0,61800
4759,Verac's plateskirt,165000
4998,Verac's plateskirt 0,165000
22613,Vesta's longsword,180000
22610,Vesta's spear,180000
229,Vial,1
22446,Vial of blood,60
227,Vial of water,1
22542,Viggora's chainmace (u),72000
25769,Vile ashes,1
6359,Villager armband (blue),90
6347,Villager armband (brown),90
6379,Villager armband (pink),90
6369,Villager armband (yellow),90
6355,Villager hat (blue),120
6345,Villager hat (brown),120
6375,Villager hat (pink),120
6365,Villager hat (yellow),120
6353,Villager robe (blue),150
6343,Villager robe (brown),150
6373,Villager robe (pink),150
6363,Villager robe (yellow),150
6357,Villager sandals (blue),60
6349,Villager sandals (brown),60
6377,Villager sandals (pink),60
6367,Villager sandals (yellow),60
26241,Virtus mask,120000
26245,Virtus robe bottom,240000
26243,Virtus robe top,360000
2015,Vodka,3
27690,Voidwaker,1
27684,Voidwaker blade,480000
27687,Voidwaker gem,480000
27681,Voidwaker hilt,1
24514,Volatile orb,2400000
21622,Volcanic ash,120
12771,Volcanic whip mix,1
30685,Vulnerability charm,1
9636,Vyrewatch legs,300
9638,Vyrewatch shoes,300
9634,Vyrewatch top,300
20232,War blessing,48
12802,Ward upgrade kit,900
28585,Warped sceptre,1
28583,Warped sceptre (uncharged),1
3753,Warrior helm,36000
28301,Warrior icon,1
6735,Warrior ring,6000
8012,Watchtower teleport (tablet),1
1395,Water battlestaff,9300
571,Water orb,180
555,Water rune,2
1444,Water talisman,2
5531,Water tiara,60
24953,Waterbirth teleport (tablet),1
5331,Watering can,4
5982,Watermelon,28
5321,Watermelon seed,33
5984,Watermelon slice,9
1831,Waterskin(0),9
1823,Waterskin(4),18
23387,Watson teleport,6
187,Weapon poison,86
5937,Weapon poison(+),172
5940,Weapon poison(++),259
27652,Webweaver bow (u),1
6055,Weeds,1
19623,West ardougne teleport (tablet),1
2017,Whisky,3
6609,White 2h sword,1152
1005,White apron,1
6589,White battleaxe,748
1476,White bead,2
2637,White beret,48
239,White berries,6
12313,White boater,135
6619,White boots,345
12321,White cavalier,120
6615,White chainbody,864
6587,White claws,216
6591,White dagger,144
6593,White dagger(p),144
6595,White dagger(p+),144
6597,White dagger(p++),144
12763,White dark bow paint,1
10420,White elegant blouse,1200
10422,White elegant skirt,1200
10327,White firelighter,9
2474,White flowers,60
6623,White full helm,633
6629,White gloves,3
6599,White halberd,1152
12299,White headband,24
6633,White kiteshield,979
22932,White lily,3
22887,White lily seed,180
6607,White longsword,576
6601,White mace,259
6603,White magic staff,120
6621,White med helm,345
1048,White partyhat,1
6617,White platebody,2304
6625,White platelegs,1152
6627,White plateskirt,1152
6611,White scimitar,460
6631,White sq shield,691
6605,White sword,374
2522,White toy horsey,60
20269,White unicorn mask,600
6613,White warhammer,588
5105,Whiteberry seed,79
7208,Wild pie,109
6002,Wildblood hops,9
5311,Wildblood seed,8
24251,Wilderness crabs teleport,37
21518,Willow bird house,3
4600,Willow blackjack,360
6414,Willow blackjack(d),480
6412,Willow blackjack(o),480
5933,Willow branch,1
10280,Willow comp bow,180
6024,Willow leaves,1
1519,Willow logs,24
847,Willow longbow,192
58,Willow longbow (u),96
3442,Willow pyre logs,48
6045,Willow roots,1
5371,Willow sapling,1
5313,Willow seed,9
22254,Willow shield,96
849,Willow shortbow,120
60,Willow shortbow (u),60
9444,Willow stock,31
245,Wine of zamorak,1
2054,Wizard blizzard,18
2579,Wizard boots,120
1017,Wizard hat,1
1907,Wizard's mind bomb,1
1793,Woad leaf,1
5099,Woad seed,6
2859,Wolf bones,1
23410,Wolf cloak,600
23407,Wolf mask,1440
2861,Wolfbone arrowtips,1
10055,Wood camo legs,12
28842,Wood camo legs (equipped),12
10053,Wood camo top,12
28839,Wood camo top (equipped),12
8548,Wood dining table (flatpack),6
8576,Wooden bed (flatpack),6
8562,Wooden bench (flatpack),6
10891,Wooden cat,1
8498,Wooden chair (flatpack),6
1171,Wooden shield,12
20166,Wooden shield (g),12
7433,Wooden spoon,21
9440,Wooden stock,12
1737,Wool,1
2253,Worm batta,1
2205,Worm crunchies,1
2191,Worm hole,1
5028,Woven top (blue),390
5024,Woven top (brown),300
5026,Woven top (yellow),375
2341,Wrapped oomlie,9
21880,Wrath rune,300
22118,Wrath talisman,2
22121,Wrath tiara,300
22780,Wyrm bones,96
28899,Wyrmling bones,1
6812,Wyvern bones,96
21637,Wyvern visage,450000
13383,Xerician fabric,1
13385,Xerician hat,36
13389,Xerician robe,42
13387,Xerician top,48
10818,Yak-hide,30
10824,Yak-hide armour (legs),300
10822,Yak-hide armour (top),300
5998,Yanillian hops,4
5309,Yanillian seed,3
1472,Yellow bead,2
2914,Yellow boots,300
1023,Yellow cape,19
12761,Yellow dark bow paint,1
1765,Yellow dye,3
10090,Yellow feather,7
2466,Yellow flowers,60
2922,Yellow gloves,300
2920,Yellow hat,300
1040,Yellow partyhat,1
2918,Yellow robe bottoms,300
2916,Yellow robe top,300
22198,Yew bird house,3
10282,Yew comp bow,1080
6026,Yew leaves,1
1515,Yew logs,96
855,Yew longbow,768
66,Yew longbow (u),384
3446,Yew pyre logs,192
6049,Yew roots,1
5373,Yew sapling,1
5315,Yew seed,85
22260,Yew shield,384
857,Yew shortbow,480
68,Yew shortbow (u),240
9452,Yew stock,100
11240,Young impling jar,30
23908,Zalcano shard,960
13044,Zamorak armour set (lg),48000
13046,Zamorak armour set (sk),48000
10368,Zamorak bracers,2400
193,Zamorak brew(1),75
191,Zamorak brew(2),90
189,Zamorak brew(3),105
2450,Zamorak brew(4),120
10372,Zamorak chaps,3600
10450,Zamorak cloak,1200
10374,Zamorak coif,1200
10444,Zamorak crozier,3000
10370,Zamorak d'hide body,7800
19936,Zamorak d'hide boots,5580
23194,Zamorak d'hide shield,17000
13161,Zamorak dragonhide set,5400
2657,Zamorak full helm,21120
11808,Zamorak godsword,750000
20077,Zamorak godsword ornament kit,3000
11816,Zamorak hilt,300000
2659,Zamorak kiteshield,32640
10456,Zamorak mitre,3000
11523,Zamorak mix(1),75
11521,Zamorak mix(2),90
6764,Zamorak mjolnir,375
1033,Zamorak monk bottom,18
1035,Zamorak monk top,24
3831,Zamorak page 1,120
3832,Zamorak page 2,120
3833,Zamorak page 3,120
3834,Zamorak page 4,120
2653,Zamorak platebody,39000
2655,Zamorak platelegs,38400
3478,Zamorak plateskirt,38400
10468,Zamorak robe legs,4200
10460,Zamorak robe top,4200
10474,Zamorak stole,1500
20749,Zamorak's grapes,30
11889,Zamorakian hasta,180000
11824,Zamorakian spear,60003
26374,Zaryte crossbow,594000
26235,Zaryte vambraces,120000
19493,Zenyte,45000
19541,Zenyte amulet,121200
19501,Zenyte amulet (u),45000
19532,Zenyte bracelet,120600
19535,Zenyte necklace,121200
19538,Zenyte ring,120600
19529,Zenyte shard,45000
4812,Zogre bones,1
28810,Zombie axe,1
19912,Zombie head (Treasure Trails),3000
30321,Zombie helmet,1
29449,Zombie pirate key,1
12938,Zul-andra teleport,6
12934,Zulrah's scales,12
22647,Zuriel's staff,180000
